6,28318530717959
6,28150318723633
6,27645773773919
6,26805168940106
6,25628962533412
6,241177986566
6,22272491375595
6,20094034244234
6,17583600945376
6,14742545290904
6,11572401221724
6,08074882807764
6,04251884247978
6,00105479870339
5,95637924131845
5,90851651618517
5,85749249946749
5,80333465945776
5,74607249511186
5,68573708190864
5,62236106639349
5,55597866617833
5,48662566994158
5,41433943742819
5,33915889944962
5,26112455788386
5,18027848567541
5,09666432683529
5,01032729644105
4,92131418063674
4,82967333663294
4,73545469270675
4,63870974820179
4,53949157352819
4,43785205500523
4,33384437362673
4,22752610938083
4,11895575748744
4,00819272357466
3,89529732367876
3,78033078424416
3,66335524212347
3,54443374457747
3,4236302492751
3,30100962429346
3,17663764811786
3,05058100964173
2,92290730816671
2,7936850534026
2,66298366546734
2,53087347488709
2,39742572259615
2,26271255993698
2,12680704866025
1,98978316092476
1,85171577929749
1,71268069675362
1,57275461667646
1,43201358168545
1,29052252361998
1,14835799426665
1,00559967461657
0,862327004511028
0,718619182641471
0,574555166549537
0,430213672627035
0,285673176115951
0,141011911108446
-0,00369212945314223
-0,148361193776302
-0,292917771218344
-0,437284592286403
-0,581384628637441
-0,725141093078242
-0,868477439565413
-1,01131736320539
-1,15358480025442
-1,2952039281186
-1,43609916535382
-1,57619517166581
-1,71541684791014
-1,85368933609217
-1,99093801936711
-2,12708852203999
-2,26206670956564
-2,39579868854877
-2,52821305944414
-2,65925501632715
-2,78885392394888
-2,91693589317568
-3,04342847956434
-3,16826068336213
-3,2913629495067
-3,41266716762619
-3,53210667203917
-3,64961624175462
-3,765132100472
-3,87859191658119
-3,98993480316252
-4,09910131798674
-4,20603346351507
-4,31067468689914
-4,41296987998105
-4,51286537929333
-4,61030896605893
-4,70524986619126
-4,79763875029418
-4,88742773366196
-4,97457037627935
-5,0590216828215
-5,14073810265402
-5,21967752983297
-5,29579930310483
-5,36906420590654
-5,43943446636546
-5,50687375729941
-5,57134719621663
-5,63282246127299
-5,6912782055503
-5,7466833243641
-5,79900516260405
-5,84821308927378
-5,89427849749098
-5,93717480448735
-5,97687745160864
-6,0133639043146
-6,04661365217901
-6,0766082088897
-6,10333111224849
-6,12676792417126
-6,14690623068789
-6,16373564194229
-6,17724779219243
-6,18743633981025
-6,19429696728176
-6,19782738120698
-6,19802731229996
-6,19489851538877
-6,18844476941551
-6,17867187743631
-6,16558766662132
-6,14920198825471
-6,1295267177347
-6,10657575457351
-6,0803650223974
-6,05091246894666
-6,01823806607559
-5,98236380975252
-5,94331372005983
-5,9011138411939
-5,85579224146513
-5,80737165900838
-5,75586984722009
-5,70131558022525
-5,64373921335829
-5,58317255704208
-5,51964887678788
-5,45320289319538
-5,38387078195271
-5,31169017383638
-5,23670015471133
-5,15894126553094
-5,07845550233698
-4,99528631625965
-4,90947861351757
-4,82107875541776
-4,73013455835569
-4,63669529381521
-4,54081168836862
-4,44253592367662
-4,34192163648832
-4,23902391864127
-4,13389931706143
-4,02660583376317
-3,91720292584929
-3,80575150551098
-3,69231394002788
-3,57695405176804
-3,45973711818792
-3,3407298718324
-3,22000050033477
-3,09761864641676
-2,97365540788849
-2,84818333764851
-2,72127644368381
-2,59300249501719
-2,46340040106201
-2,33254054623199
-2,20049809968649
-2,06734820090656
-1,93316595969487
-1,79802645617575
-1,66200474079517
-1,52517583432075
-1,38761472784174
-1,24939638276906
-1,11059573083526
-0,97128767409455
-0,831547084922774
-0,691448806017426
-0,551067650397647
-0,410478401404219
-0,269755812699587
-0,128974608267816
0,0117905175853559
0,152464900232563
0,292973904724794
0,433242925791371
0,57319738784
0,712762744956708
0,851864480905906
0,990428109130334
1,12837917275111
1,26564324456768
1,40214592705786
1,53781285237782
1,67256968236208
1,8063421085235
1,93905585205334
2,07063666382114
2,20101032437487
2,3301026439408
2,45786079216609
2,58424421543705
2,70917978152332
2,83259545370886
2,95442072355716
3,07458661091115
3,19302566389327
3,30967195890544
3,42446110062907
3,53733022202505
3,64821798433375
3,75706457707504
3,86381171804826
3,96840265333226
4,07078215728534
4,17089653254531
4,26869361002947
4,36412274893459
4,45713483673692
4,54768228919223
4,63571905033573
4,72120059248215
4,80408391622569
4,88432755044005
4,96189155227838
5,03673750717336
5,10882852883713
5,17812925926133
5,24460586871706
5,30822605575493
5,36895904720503
5,42677559817693
5,48164799205969
5,53355004052186
5,58245708351147
5,62834598925602
5,67119966137832
5,71101074340668
5,74775669349907
5,7814155702843
5,81196740627389
5,83939420786202
5,86367995532558
5,88481060282411
5,90277407839987
5,91756028397777
5,92916109536542
5,93757036225312
5,94278390821383
5,94479953070322
5,94361700105962
5,93923806450405
5,93166644014022
5,92090782095452
5,90696987381603
5,88986223947649
5,86959653257034
5,84618634161472
5,81964722900941
5,78999673103691
5,75725435786239
5,72144159353371
5,68258189598139
5,64070069701867
5,59582540234144
5,54798539152828
5,49721201804048
5,44353860922198
5,38700046629941
5,3276348643821
5,26548105246205
5,20058025341393
5,13297566399513
5,06271245484569
4,98983777048835
4,91437799908767
4,83635635327596
4,75581848838687
4,67281101985383
4,58738152173451
4,49957852671081
4,40945152608888
4,31705096979912
4,22242826639615
4,12563578305887
4,02672684559037
3,92575573841803
3,82277770459345
3,71784894579247
3,61102662231519
3,50236885308591
3,39193471565324
3,27978424618996
3,16597843949315
3,05057924898409
2,93364958670834
2,81525332333566
2,6954552881601
2,5743212690999
2,45191801269759
2,32831322411991
2,20357556715787
2,07777466422668
1,95098109636583
1,82326640323904
1,69470308313428
1,56536459296374
1,43532534826388
1,30466072319538
1,17344705054317
1,04176162171643
0,909682686748567
0,777261300979373
0,644536131014692
0,511585029903449
0,378485461388557
0,245314184407012
0,112147253089844
-0,0209399832378323
-0,153872880056871
-0,286577497654043
-0,418980601122083
-0,551009660359646
-0,682592850071349
-0,813659049767732
-0,944137843765294
-1,07395952118646
-1,20305507595961
-1,33135620681904
-1,45879531730504
-1,58530551576378
-1,71082061534742
-1,83527513401403
-1,95860429452763
-2,08074402445819
-2,20163095618162
-2,32120242687977
-2,43939647854041
-2,5561518579573
-2,67140801673009
-2,78510511126441
-2,8971840027718
-3,00758625726977
-3,11625414558176
-3,22313064333715
-3,32815943097125
-3,43128489372534
-3,53245212164661
-3,63160690958823
-3,72869575720927
-3,82366586897476
-3,91646604306513
-4,0070768046668
-4,09546205591409
-4,18157082279518
-4,2653539451845
-4,3467640768428
-4,42575568541706
-4,50228505244057
-4,57631027333287
-4,64779125739979
-4,71668972783343
-4,78296922171217
-4,84659509000067
-4,90753449754984
-4,96575642309689
-5,0212316592653
-5,07393281256483
-5,12383430339149
-5,17091236602761
-5,21514504864175
-5,25651221328877
-5,2949955359098
-5,33057850633225
-5,36324642826979
-5,39298641932239
-5,41978741097628
-5,44364014860396
-5,46453719146421
-5,4824729127021
-5,49744349934896
-5,50944695232239
-5,51848308642627
-5,52455353035078
-5,52766172667233
-5,52781293185365
-5,52501421624372
-5,51927446407779
-5,5106043734774
-5,49901643856852
-5,4845189891707
-5,46711890423146
-5,44682741796169
-5,42365727279095
-5,39762271936744
-5,36873951655806
-5,33702493144834
-5,30249773934246
-5,26517822376329
-5,22508817645234
-5,18225089736979
-5,13669119469447
-5,08843538482388
-5,03751129237417
-4,98394825018016
-4,92777709929531
-4,86903018899177
-4,80774137676032
-4,74394602831043
-4,67768101757019
-4,6089847266864
-4,53789704602447
-4,46445937416851
-4,38871461792125
-4,31070719230413
-4,23048302055721
-4,14808953413921
-4,06357567272753
-3,97699188421822
-3,888390124726
-3,79782385858424
-3,70534805834496
-3,61101920477884
-3,51489528687526
-3,41703580184221
-3,31750175510637
-3,21635566031305
-3,11366153932626
-3,00948492222864
-2,90389081899261
-2,79689935457562
-2,6885555631357
-2,5789238392798
-2,46806860666298
-2,35605431798842
-2,24294545500742
-2,12880652851937
-2,01370207837177
-1,89769667346024
-1,78085491172852
-1,66324142016844
-1,54492085481994
-1,42595790077108
-1,30641727215803
-1,18636371216507
-1,06586199302459
-0,944976916017076
-0,823773311471132
-0,702316038763492
-0,580669986318975
-0,458900071610516
-0,337071241159152
-0,21524847053406
-0,0934967643524969
0,0281188437201614
0,149533290970439
0,270681485636718
0,391498306909303
0,511918604930377
0,631877200794025
0,75130888654619
0,870148425184736
0,988330550659406
1,10578996787185
1,22246135267556
1,33827935187597
1,45317858323038
1,56709363544799
1,67996219744616
1,79176353082036
1,90244690883147
2,01194820722916
2,12020466849778
2,22715490185625
2,33273888325812
2,4368979553916
2,5395748276795
2,64071357627923
2,74025964408287
2,83815984071709
2,9343623425432
3,02881669265712
3,1214738008894
3,21228594380521
3,30120676470438
3,38819127362129
3,473195847325
3,55617822931918
3,63709752984213
3,71591422586675
3,79259016110058
3,86708854598578
3,93937395769915
4,00941234015209
4,07717100399063
4,14261862659542
4,20572525208175
4,26646229129953
4,32480252183326
4,38072008800211
4,43419050085984
4,48519063819486
4,53369874453018
4,57969443112344
4,62315867596692
4,6640738237875
4,70242358604669
4,73819534208625
4,77138504274067
4,80197710905797
4,82995580883572
4,85530706264047
4,87801844380773
4,89807917844198
4,91548014541667
4,93021387637421
4,942274555726
4,95165802065238
4,95836176110268
4,96238491979519
4,96372829221716
4,96239432662483
4,95838712404339
4,95171243826701
4,94237767585882
4,93039189615092
4,91576581124438
4,89851178600924
4,8786438380845
4,85617763787815
4,83113050856712
4,80352142609733
4,77337101918366
4,74070156930996
4,70553701072904
4,66790293046269
4,62782656830166
4,58533681680569
4,54046422130344
4,4932409798926
4,44370094343979
4,3918796155806
4,3378141527196
4,28154336403032
4,22310771145526
4,1625493097059
4,09991192626268
4,03522757549335
3,96850590955633
3,89978726977046
3,82911429419055
3,75653025887726
3,6820790778971
3,60580530332241
3,52775412523137
3,44797137170799
3,36650350884214
3,28339764072952
3,19870150947167
3,11246349517595
3,02473261595561
2,93555852792969
2,84499152522309
2,75308253996654
2,65988314229663
2,56544554035578
2,46982258029223
2,37306774626009
2,27523516041928
2,1763795829356
2,07655641198065
1,97582168373188
1,87423207237259
1,77184489009192
1,66871808708484
1,56491025155216
1,46048060970053
1,35548902574246
1,24999600189627
1,14406267838613
1,03775083344206
0,931122883299905
0,824241882201363
0,717171522393961
0,609972635448557
0,502666097623764
0,395303237007211
0,287947885659843
0,180663121192494
0,0735112667659295
-0,033446108909214
-0,140148191572388
-0,246534921413155
-0,352546993071145
-0,458125855636117
-0,563213712647921
-0,667753522096503
-0,77168899642192
-0,874964602514299
-0,977525561713893
-1,07931784981105
-1,18028819704621
-1,28038408810991
-1,3795537621428
-1,47774621273561
-1,57491118792919
-1,67099919021447
-1,76596147653248
-1,85975005827437
-1,95231770128138
-2,04361792584482
-2,13360500670614
-2,22223397305687
-2,30946060853865
-2,39524145124319
-2,47953379371233
-2,56229568293801
-2,64348592036224
-2,72306406187715
-2,80099041782497
-2,87722605299802
-2,95173278663873
-3,02447319243962
-3,09541059854331
-3,16450908754252
-3,23174691446115
-3,29710726824448
-3,36055477717334
-3,42205541237727
-3,48157663167169
-3,53908737955794
-3,59455808722323
-3,64796067254069
-3,69926854006934
-3,74845658105411
-3,79550117342581
-3,84038018180116
-3,88307295748277
-3,92356033845916
-3,96182464940474
-3,99784970167981
-4,03162079333059
-4,06312470908919
-4,0923497203736
-4,11928558528773
-4,14392354862137
-4,16625634185024
-4,18627818313592
-4,20398477732592
-4,21937331595362
-4,23244247723832
-4,2431924260852
-4,25162481408536
-4,25774277951578
-4,26155094733935
-4,26305542920484
-4,26226382344695
-4,25918521508625
-4,25383017582922
-4,24621076406823
-4,23634052488156
-4,22423449003337
-4,20990917797375
-4,19337553570443
-4,17463865770996
-4,15371376638915
-4,13061725350053
-4,1053665460325
-4,07798010620333
-4,04847743146114
-4,01687905448389
-3,98320654317943
-3,94748250068543
-3,90973056536945
-3,8699754108289
-3,82824274589103
-3,78455931461297
-3,73895289628169
-3,69145230541403
-3,64208739175668
-3,59088904028619
-3,53788917120897
-3,48312073996129
-3,42661773720926
-3,36841518884887
-3,30854915600596
-3,24705673503622
-3,18397605752521
-3,11934629028833
-3,05320763537086
-2,98560133004791
-2,91656964682448
-2,8461558934354
-2,77440441284538
-2,70136058324896
-2,62707081807057
-2,55158256596447
-2,47494431081478
-2,39720557173551
-2,31841690307049
-2,23862989439342
-2,15789717050785
-2,07626704960615
-1,99375048901728
-1,91039012856157
-1,82623745392725
-1,74134376727104
-1,65576018721816
-1,56953764886227
-1,48272690376554
-1,39537851995861
-1,30754288194061
-1,21927019067915
-1,1306104636103
-1,04161353463864
-0,952329054137222
-0,862806488947566
-0,773095122379677
-0,683244054212063
-0,593302200691687
-0,503318294534004
-0,413340884922947
-0,323418337510923
-0,233598834418846
-0,143930374236084
-0,0544607720204957
0,034762340701588
0,123691515935331
0,21227948921744
0,300479179616132
0,388243689731153
0,475526305693742
0,562280497166683
0,648459917344268
0,73401840295232
0,818909974248153
0,903088835020628
0,986509372590113
1,06912615780851
1,1508939450592
1,23176767225713
1,31170676113311
1,39069704707141
1,46869969879246
1,54567084846599
1,62156774946623
1,69634877637186
1,76997342496604
1,84240231223639
1,913597176375
1,98352087677845
2,05213739404779
2,11941182998852
2,18531040761061
2,24980047112854
2,31285048596122
2,37443003873205
2,4345098372689
2,4930617106041
2,55005860897448
2,6054746038213
2,65928488779032
2,71146577473177
2,76199469970034
2,81085021895519
2,85801200995996
2,90346087138277
2,9471787230962
2,98914860617728
3,02935468290755
3,067782236773
3,10441767246409
3,13924851587577
3,17226341410743
3,20345213546295
3,2328055694507
3,26031572678348
3,28597573937858
3,30977986035778
3,33172399733503
3,35180458704683
3,3700150850467
3,3863498106986
3,40080421856454
3,41337489840464
3,42405957517708
3,43285710903811
3,43976749534206
3,44479186464133
3,4479324826864
3,44919275042581
3,44857720400619
3,44609151477224
3,44174248926673
3,4355380692305
3,42748733160248
3,41760048851967
3,40588888731713
3,392365010528
3,3770424758835
3,35993603631293
3,34106157994364
3,32043613010109
3,29807784530878
3,2740060192883
3,24824108095931
3,22080459443955
3,19171925904483
3,16100890928904
3,12869851488413
3,09481418074013
3,05938314696517
3,0224337888654
2,9839956169451
2,94409927690659
2,90277654965026
2,86006035127462
2,8159847330762
2,77058485207423
2,72387423107073
2,67586751306536
2,62659808124047
2,57609959365416
2,52440598324032
2,47155145780857
2,41757050004437
2,3624978675089
2,30636859263912
2,24921798274777
2,19108162002335
2,13199536153016
2,07199533920823
2,01111795987339
1,94939990521724
1,88687813180715
1,82358987108626
1,75957262937346
1,69486418786346
1,62950260262669
1,56352620460938
1,49697359963352
1,4298836683969
1,36229556647305
1,29424872431128
1,22578284723667
1,15693791545008
1,08775418402813
1,01827218292323
0,948532716963526
0,878576865852988
0,808445984171317
0,738181701373997
0,667825921792284
0,597420824633208
0,527008863979567
0,456629993365449
0,386297420828155
0,316046317939674
0,245919413779595
0,175958775435001
0,106205808000524
0,0367012545783297
-0,0325148037218821
-0,101402947782877
-0,169924420479886
-0,238041126680617
-0,30571563324521
-0,372911169026302
-0,43959162486899
-0,505721553610829
-0,571266170081848
-0,636191351104533
-0,700463635493842
-0,764050224057207
-0,826918979594492
-0,889038426898062
-0,950377752752733
-1,01090680593579
-1,07059609721698
-1,12941679935853
-1,1873407471151
-1,24434043723385
-1,30038902845439
-1,35546034150879
-1,4095288591216
-1,46256972600982
-1,51455874888293
-1,56547239644288
-1,61528779938405
-1,66398275039333
-1,71153570415006
-1,75792577732602
-1,80313274858549
-1,84713705858521
-1,88991980997436
-1,93146350597451
-1,97175912143259
-2,0107904279296
-2,04853919957102
-2,08498819425703
-2,12012115368253
-2,1539228033371
-2,18637885250501
-2,21747599426523
-2,24720190549141
-2,27554524685191
-2,30249566280978
-2,32804378162276
-2,35218121534328
-2,37490055981848
-2,39619539469017
-2,41606028339488
-2,43449077316381
-2,45148339502287
-2,46703566379266
-2,48114607808847
-2,49381412032029
-2,50504025669279
-2,51482593720535
-2,52317359565204
-2,53008664962161
-2,53556950049753
-2,53962753345794
-2,54226711747568
-2,5434956053183
-2,54332133354801
-2,54175362252175
-2,53880277639113
-2,53448008310247
-2,52879781439677
-2,52176922580973
-2,51340855667174
-2,50373028582439
-2,49273686301724
-2,48043759931232
-2,4668467324929
-2,45197903405261
-2,43584980919532
-2,41847489683528
-2,39987066959698
-2,38005403381528
-2,3590424295353
-2,33685383051251
-2,31350674421266
-2,28902021181182
-2,26341380819637
-2,23670764196299
-2,20892235541868
-2,18007912458073
-2,15019965917678
-2,11930620264474
-2,08742153213284
-2,05456895849962
-2,02077232631393
-1,98605601385492
-1,95044493311207
-1,91396452978516
-1,87664078328425
-1,83850020672976
-1,79956984695238
-1,75987728449313
-1,71945063360333
-1,6783185422446
-1,63651019208888
-1,59405529851843
-1,55098411062579
-1,50732741121384
-1,46311651679576
-1,41838327759501
-1,3731600775454
-1,32747983429103
-1,28135863250564
-1,2348102522945
-1,18786676008122
-1,14055996652044
-1,09292141716154
-1,04498239244871
-0,996773907720963
-0,94832671321209
-0,89967129405069
-0,85083787026016
-0,8018563967587
-0,752756563359298
-0,703567794769768
-0,654319250592701
-0,605039825325493
-0,555758148360343
-0,506502583984246
-0,457301231379001
-0,408181924621205
-0,359172232682246
-0,310299459428338
-0,26159064362047
-0,213072558914437
-0,164771713860838
-0,116714351905068
-0,0689264513873233
-0,0214337255426009
0,0257383774993112
0,0725646747138007
0,119020248181479
0,165080445088152
0,210720877724822
0,255917423487693
0,300646224878171
0,34488368950286
0,388606490073563
0,431791564407294
0,474416115426243
0,516466479636373
0,55793021601769
0,598784521764018
0,639007300619682
0,678577183113619
0,717473526559375
0,755676415055116
0,793166659483597
0,829925797512205
0,865936093592931
0,901180538962377
0,935642851641755
0,96930747643689
1,00215958493822
1,03418507552078
1,06537057334424
1,09570343035285
1,1251717252755
1,15376426362568
1,18147057770148
1,20828092658563
1,23418629614543
1,25917839903283
1,28324967468437
1,30639328932119
1,32860313594907
1,34987383435839
1,37020073112412
1,38957989960588
1,40800813994786
1,42548297907889
1,4420026707124
1,45756619534643
1,47217326026364
1,48582429953128
1,49852047400123
1,51026367130998
1,52105424172106
1,53088934844667
1,53976997428808
1,54769778170788
1,55467499369758
1,56070439377762
1,56578932599734
1,56993369493501
1,57314196569781
1,57541916392184
1,57677087577211
1,57720324794257
1,57672298765606
1,57533736266435
1,57305420124813
1,569881892217
1,56582938490948
1,56090618919301
1,55512237546394
1,54848857464754
1,54101597819801
1,53271633809845
1,52360196686088
1,51368573752625
1,50298108366441
1,49150199937415
1,47926303928314
1,466279318548
1,45256651285427
1,43814085841637
1,42301915197768
1,40721875081048
1,39075757271595
1,37365409602422
1,35592735959431
1,33759696281417
1,31868306560067
1,29920638839959
1,27917906117954
1,25860536823309
1,23750469740235
1,21589672921388
1,19380113157973
1,17123755979742
1,14822565654997
1,12478505190584
1,100935363319
1,07669619562887
1,05208714106036
1,02712777922386
1,00183767711523
0,976236389115796
0,950343456992377
0,92417840989727
0,897760764368236
0,871110024328519
0,844245681086838
0,817187213337389
0,789954087159845
0,762565756019354
0,735041660766542
0,707401229637507
0,679663878253835
0,651849009622577
0,623976014136265
0,596064269572905
0,568133141095984
0,54020198125446
0,512290129982771
0,484416914600826
0,456601649814025
0,42886363771323
0,401221364174838
0,373683669865093
0,346266707592481
0,318989493133951
0,291870595797199
0,264928138420667
0,238179797373559
0,211642802555815
0,185333937398128
0,159269538861941
0,133465497439444
0,107937257153579
0,0826998155580337
0,0577677237372481
0,0331550863064053
0,00887556141145046
-0,0150576392709349
-0,038631750533316
-0,0618344536375087
-0,0846538763145802
-0,107078592764848
-0,129097623657882
-0,150700436132505
-0,171876943796781
-0,192617506728034
-0,212912931472837
-0,232754471047015
-0,25213382493564
-0,27104313909304
-0,28947500594279
-0,30742246437772
-0,324878999759903
-0,341838543920671
-0,358295475160604
-0,37424452772364
-0,389680032840774
-0,404596358294988
-0,418988361828083
-0,432851392787943
-0,446181292128539
-0,458974392409923
-0,471227517798238
-0,48293798406571
-0,494103598590652
-0,50472266035746
-0,514793959956618
-0,524316779584693
-0,533290893044341
-0,541716565744298
-0,54959455469939
-0,556926108530527
-0,563712967464705
-0,569957363335006
-0,575662019580594
-0,580830151246723
-0,585465464984731
-0,589572159052038
-0,593154923312154
-0,596218939234674
-0,598769879895275
-0,600813909975724
-0,60235768576387
-0,603408355153649
-0,603973557645081
-0,604061424344275
-0,603679576141164
-0,602830839512447
-0,601522599388049
-0,599763354319623
-0,59756181178009
-0,59492688816363
-0,591867708785689
-0,588393607882976
-0,584514128613462
-0,580239023056384
-0,57557825221224
-0,570541986002792
-0,565140603271066
-0,55938469178135
-0,553285048219198
-0,546852678191422
-0,540098796226106
-0,533034825772589
-0,525672399201479
-0,518023357804643
-0,510099751795215
-0,501913840307591
-0,493478091397429
-0,484805182041651
-0,475907998138446
-0,466799634507262
-0,457493394888812
-0,448002791945071
-0,43834154725928
-0,428523591335942
-0,418563063600821
-0,40847431240095
-0,398271895004617
-0,387970577601384
-0,377584785155367
-0,367119617091007
-0,356585996130536
-0,345998257635319
-0,335370522293294
-0,324716696118979
-0,314050470453462
-0,303385321964413
-0,292734512646072
-0,282111089819257
-0,271527886131359
-0,260997519556347
-0,250532393394764
-0,240144696273728
-0,229846402146933
-0,21964927029465
-0,209564845323722
-0,199604457167571
-0,189779221086192
-0,180100037666154
-0,170577592820606
-0,161222357789268
-0,152044589138438
-0,143054328760987
-0,134261403876365
-0,125675427030594
-0,117305796096273
-0,109161694272576
-0,101252090085252
-0,0935857373866261
-0,0861711753555985
-0,0790167284976434
-0,0721300479001541
-0,0655165173780793
-0,059183617853859
-0,0531388562836347
-0,0473893260378401
-0,041941706901201
-0,0368022650727358
-0,031976853165754
-0,0274709102078603
-0,0232894616409489
-0,019437119321207
-0,0159180815191144
-0,0127361329194429
-0,00989464462125683
-0,00739657413791264
-0,00524446539705907
-0,00344044874063694
-0,0019862409248802
-0,000883145120314122
-0,000132050911756623
0,000266565701682139
0,000312642306599678
6,53007530122818E-06
-0,00065100623420021
-0,00165878827818416
-0,00301522412722188
-0,00471831045953756
-0,00676664686538467
-0,0091587514666521
-0,0118921589805057
-0,0149640429038168
-0,018371215513162
-0,0221101278648241
-0,0261768697947891
-0,0305671699187506
-0,0352763956321068
-0,0402995531099612
-0,0456312873071229
-0,0512658819581064
-0,0571972595771312
-0,0634189814581228
-0,0699242476747127
-0,0767058970802346
-0,0837564073077311
-0,0910678947699488
-0,09863211465934
-0,106440460948062
-0,114483966387978
-0,122753302510656
-0,131238779627371
-0,1399303468291
-0,148817606910433
-0,157892121641744
-0,16714471561189
-0,176564473381892
-0,186140360945468
-0,195861225729037
-0,205715796591719
-0,215692683825326
-0,225780379154376
-0,235967255736085
-0,246241568160364
-0,256591452449828
-0,267004926059788
-0,277469887878255
-0,287974118225939
-0,29850527885625
-0,309050912955293
-0,319598445141877
-0,330135181467507
-0,340648309416388
-0,351124897905426
-0,361551897284222
-0,37191613933508
-0,382204337273001
-0,392403085745683
-0,402498860833527
-0,412478020049631
-0,422326802339793
-0,432031328082508
-0,441577599088972
-0,45095149860308
-0,460139900931095
-0,469135792198516
-0,47792642001631
-0,48649797765219
-0,49483691889538
-0,502929958056609
-0,510764069968119
-0,518326489983659
-0,525604713978491
-0,532586498349382
-0,53925986001461
-0,545613076413963
-0,551634685508738
-0,557313485781741
-0,562638536237288
-0,567599156401203
-0,572184926320821
-0,576385686564986
-0,580191538224049
-0,583592842909874
-0,586580222755832
-0,589144560416803
-0,591276999069179
-0,592968942410859
-0,594212054661251
-0,594998260561275
-0,595319745373357
-0,595168954881434
-0,594538595390954
-0,593421633728871
-0,591811343900682
-0,589705542216877
-0,587100247577332
-0,583988864533754
-0,580365300095614
-0,57622396373015
-0,571559767362363
-0,566368125375017
-0,560644954608642
-0,554386674361533
-0,547590206389749
-0,540252974907111
-0,532372906585208
-0,523948430553392
-0,514978478398781
-0,505462484166253
-0,495400384358456
-0,484792617935799
-0,473640126316456
-0,461944353376366
-0,449707245449231
-0,436931251326521
-0,423619322257468
-0,409774911949068
-0,395401976566082
-0,380504974731035
-0,365088867524218
-0,349159118483686
-0,332721693605256
-0,31578306134251
-0,298350192606801
-0,280430560767239
-0,262032141650701
-0,243163413541827
-0,223832206078577
-0,204045624932108
-0,183812202228996
-0,163140865721852
-0,142040932387282
-0,120522108425859
-0,0985944892621457
-0,0762685595446831
-0,0535551931459957
-0,0304656531625891
-0,00701159191495104
0,0167949490524535
0,0409415389711653
0,0654153578487555
0,0902031964688099
0,115291456390932
0,140666149950744
0,166312900259886
0,192216941206017
0,218363117452814
0,244735884439976
0,271319308383208
0,298097066274245
0,325052445880838
0,352168345746755
0,379427275191782
0,406811354311724
0,434302313978403
0,461881495839667
0,489529852319364
0,517227946617378
0,544955952709603
0,572693655347955
0,600420450060366
0,628119646554639
0,655780754908704
0,683383858820922
0,710908680156653
0,738335019744157
0,765642757374571
0,792811851801914
0,819822340743091
0,846654340877889
0,873288047848977
0,899703736261908
0,925881759685123
0,951802550649933
0,977446620650543
1,00279456014404
1,02782703855039
1,05252480425245
1,07686868459595
1,10083958588951
1,12441849340464
1,14758647137571
1,17032466299999
1,19261429043764
1,21443665481168
1,23577313620804
1,25660519367552
1,27691436522579
1,29668226783344
1,31589059743589
1,33452112893349
1,35255571618945
1,36997629202988
1,38676486824374
1,40290353558292
1,41837446376216
1,4331601757855
1,4472557423709
1,46065051799867
1,47332739349408
1,48526984894709
1,49646195371233
1,50688836640911
1,51653433492142
1,52538569639792
1,53342887725197
1,54065089316158
1,54703934906946
1,552582439183
1,55726894697426
1,56108824517998
1,56403029580157
1,56608565010515
1,56724544862148
1,56750142114602
1,5668458867389
1,56527175372495
1,56277251969365
1,55934227149918
1,55497568526039
1,5496680263608
1,54341514944862
1,53621349843675
1,52806010650275
1,51895259608886
1,508889178902
1,49786865591379
1,4858904173605
1,47295444274309
1,4590613008272
1,44421214964315
1,42840873648594
1,41165339791525
1,39394905975542
1,37530167819588
1,355717218611
1,33519887843556
1,31375052428961
1,29137669684101
1,26808261080548
1,24387415494651
1,21875789207547
1,19274105905153
1,16583156678168
1,13803800022074
1,10936961837138
1,07983635428406
1,04944881505709
1,01821828183659
0,986156709816529
0,953276728238677
0,919591640392643
0,885115423615858
0,84986272929358
0,813848882858893
0,777089883792701
0,739602405623751
0,701403795928599
0,662512076331633
0,622945942505065
0,582724764168935
0,541868585091109
0,500398123087277
0,458334770020949
0,415700591803482
0,372518328394039
0,328811393799613
0,284603876075025
0,239920537322923
0,194786813693777
0,149228815385887
0,103265433147983
0,0569128220065176
0,0101965504721397
-0,0368576179497183
-0,0842237558963296
-0,131875772147673
-0,179787411626435
-0,227932255398006
-0,276283720670484
-0,324815060794681
-0,373499365264088
-0,422309559714931
-0,47121840592613
-0,520198501819313
-0,569222281458814
-0,618262015051673
-0,667289808947635
-0,71627760563916
-0,765197183761388
-0,814020158092193
-0,862717979552144
-0,911261935204517
-0,959623148255293
-1,00777257805316
-1,05568102008951
-1,10331910599846
-1,15065730355679
-1,19766591668402
-1,24431508544238
-1,29057478603678
-1,33641483081486
-1,38180486826694
-1,42671438302608
-1,47111269586803
-1,51496896371123
-1,55825217961685
-1,60093117278875
-1,6429746085735
-1,68435099044801
-1,72504597015178
-1,76504519680887
-1,80431859154105
-1,84283668768968
-1,88057063081565
-1,91749217869947
-1,95357370134118
-1,98878818096042
-2,0231092119964
-2,05651100110787
-2,0889683671732
-2,12045674129029
-2,15095216677664
-2,18043129916931
-2,20887140622495
-2,23625036791973
-2,26254667644947
-2,28773943622949
-2,31180836389472
-2,33473378829967
-2,35649665051837
-2,3770785038445
-2,39646151379124
-2,41462845809138
-2,43156272669728
-2,44724832178086
-2,46166985773363
-2,47481256116664
-2,48666227091054
-2,49720543801555
-2,50642912575145
-2,5143210096076
-2,52086937729293
-2,52606312873593
-2,5298917760847
-2,53234544370686
-2,53341486818964
-2,53309174468287
-2,53138023293992
-2,52827770628349
-2,52377591286998
-2,51786757086205
-2,51054636842863
-2,5018069637449
-2,49164498499233
-2,48005703035864
-2,46704066803781
-2,45259443623009
-2,436717843142
-2,41941136698632
-2,4006764559821
-2,38051552835465
-2,35893197233554
-2,33593014616262
-2,31151537808001
-2,28569396633804
-2,2584731791934
-2,22986125490894
-2,19986740175386
-2,1685017980036
-2,13577559193982
-2,10170090185052
-2,0662908160299
-2,02955939277848
-1,99152166040298
-1,95219361721646
-1,91159223153817
-1,86973544169369
-1,82664215601485
-1,78233225283969
-1,73682658051259
-1,69014695738415
-1,64231617181126
-1,59335798215704
-1,54329711679091
-1,49215927408857
-1,43997112243191
-1,38675655685495
-1,33252964762405
-1,27731541310367
-1,22114043633213
-1,16403180181481
-1,10601709552402
-1,04712440489911
-0,987382318846431
-0,926819927739256
-0,865466823417938
-0,803353099189733
-0,740509349828977
-0,67696667157691
-0,612756662141854
-0,547911420699029
-0,482463547890718
-0,416446145826195
-0,349892818081656
-0,282837669700383
-0,215315307192553
-0,147360838535433
-0,0790098731731839
-0,01029852201703
0,0587366025548099
0,128058386697202
0,197629215097919
0,267410970977843
0,337365036090765
0,407452290723584
0,477633113696106
0,547867382361247
0,618114472604855
0,688333258845787
0,758482114035983
0,828518909660291
0,898401015736669
0,968085300815981
1,0375281319822
1,10668537485223
1,17552000845385
1,24401862332204
1,31214146825342
1,37984604942162
1,44709035029506
1,51383283163711
1,5800324315059
1,64564856525454
1,71064112553093
1,77497048227784
1,83859748273298
1,90148345142882
1,96359019019282
2,02487997814717
2,08531557170906
2,14486020459044
2,20347758779822
2,26113190963411
2,31778783569468
2,37341050887144
2,42796554935068
2,48141905461366
2,53373759943639
2,58488823588985
2,63483849333982
2,68355637844697
2,73101037516685
2,77716944474985
2,82200302574127
2,86548103398122
2,90757386260473
2,94825238204166
2,98748794001677
3,02525236154966
3,0615179489548
3,09625748184156
3,12944421711412
3,16105188897159
3,19106406187908
3,21947764886936
3,24626775287916
3,27140957583962
3,29487950284288
3,31665510214205
3,33671512515132
3,35503950644583
3,37160936376177
3,38640699799631
3,39941589320766
3,41062071661502
3,42000731859861
3,42756273269966
3,43327517562041
3,4371340472241
3,439129930535
3,43925459173837
3,43750098018051
3,43386322836869
3,42833665197123
3,42091774981743
3,41160420389763
3,40039487936315
3,38728982452634
3,37229027086057
3,35539863300018
3,33661850874057
3,31595467903811
3,29341310801022
3,26900094293529
3,24272651425275
3,21459933556304
3,18463010362758
3,15283069836884
3,11921418287026
3,08379480337633
3,04658798929255
3,00761035318538
2,96687969078236
2,92441182783786
2,88021877962483
2,83431799053105
2,78672799766154
2,73746828953025
2,68655930606014
2,63402243858315
2,57988002984011
2,52415537398092
2,46687271656436
2,40805725455826
2,34773513633933
2,28593346169335
2,22268028181498
2,15800459930789
2,09193636818475
2,02450649386712
1,95574683318562
1,88569019437975
1,81437033709806
1,741821972398
1,66808076274603
1,5931833220176
1,51716721549706
1,4400709598778
1,36193402326212
1,28279682516135
1,20270073649572
1,12168807959451
1,03980212819588
0,957087107447013
0,8735881939041
0,789351515532189
0,704424151705423
0,618854133206792
0,532690442228379
0,445983012371112
0,358781599277053
0,271110063707914
0,183006891861814
0,0945219945007111
0,0057051947763323
-0,0833937717696039
-0,17272525720564
-0,262239701210327
-0,351887631072476
-0,44161966169094
-0,531386495574706
-0,62113892284299
-0,710827821225017
-0,800404156060273
-0,889818980298252
-0,97902343449871
-1,06796874683141
-1,15660623307638
-1,24488729662368
-1,33276342847352
-1,42018620723632
-1,50710729913252
-1,59347845799282
-1,67925152525793
-1,76437842997882
-1,84881118881646
-1,93250190604209
-2,01540277353699
-2,09746607079258
-2,17864416491049
-2,25888951060238
-2,33815465019016
-2,41639221360575
-2,49355491839134
-2,56959556969913
-2,6444670602915
-2,71812237054103
-2,79051456843031
-2,8615968095522
-2,93132233710956
-2,99964448191552
-3,06654244621483
-3,13199621471491
-3,19596112943808
-3,25839373384753
-3,31925177286546
-3,37849419287293
-3,43608114170999
-3,49197396867556
-3,54613522452756
-3,59852866148278
-3,649119233217
-3,69787309486489
-3,74475760302005
-3,78974131573506
-3,83279399252136
-3,87388659434941
-3,91299128364852
-3,95008142430699
-3,98513158167203
-4,01811752254976
-4,04901621520529
-4,07780582936259
-4,10446573620463
-4,12897650837327
-4,15131991996932
-4,17147894655251
-4,18943776514152
-4,20518175421395
-4,21869749370633
-4,22997276501413
-4,23899655099174
-4,24575903595252
-4,2502516056687
-4,2524668473715
-4,25239854975105
-4,2500417029564
-4,24539249859554
-4,23844832973541
-4,22921152247992
-4,21768953686846
-4,203880143697
-4,18778198645825
-4,16939511562386
-4,14872098864442
-4,12576246994951
-4,10052383094762
-4,07301075002623
-4,04323031255173
-4,01119101086951
-3,97690274430388
-3,94037681915813
-3,90162594871445
-3,86066425323405
-3,81750725995708
-3,77217190310257
-3,72467652386861
-3,67504087043216
-3,62328609794918
-3,56943476855454
-3,51351085136214
-3,45553972246472
-3,39554816493407
-3,33356436882091
-3,26961793115486
-3,20373985594458
-3,13596255417759
-3,06631984382046
-2,9948469498186
-2,92158050409648
-2,84655854555748
-2,76982052008389
-2,69140728053705
-2,61136108675714
-2,5297256055634
-2,44654591075391
-2,36186848310584
-2,27574121037516
-2,18821338729691
-2,09931810509087
-2,00907979373905
-1,91754613438311
-1,82476540402885
-1,73078631420474
-1,63565801096165
-1,53943007487312
-1,44215252103508
-1,3438757990661
-1,24465079310728
-1,14452882182216
-1,04356163839694
-0,941801430540221
-0,839300820483279
-0,736112864979774
-0,632291055306014
-0,527889317260837
-0,422962011165505
-0,317563931863962
-0,211750308722536
-0,105576805630237
0,000900479001539445
0,107625012238716
0,214539826624833
0,321587520180783
0,428710256404925
0,535849764273197
0,642947338238857
0,749943838232776
0,856779689663142
0,963394883415763
1,06972897585376
1,17572108881787
1,28130990962619
1,38643369107427
1,49103025143526
1,59503697445961
1,6983908093754
1,801028270888
1,90290075377913
2,00398581012386
2,1042239777874
2,2035545511701
2,30191776629615
2,39925480081397
2,49550777399581
2,59061974673811
2,68453472156122
2,77719764260963
2,86855439565175
2,95855180808004
3,04713764891107
3,13426062878531
3,2198703999674
3,30391755634586
3,38635363343338
3,46713110836655
3,54620339990609
3,62352486843669
3,69905081596704
3,77273748612997
3,8445420641822
3,91442267700459
3,98233839310195
4,04824922260319
4,11211611726118
4,17390097045283
4,23356661717912
4,291076834065
4,34639633935952
4,39949079293567
4,45032679629055
4,49887189254522
4,54509456644483
4,5889642443585
4,6304512942794
4,66954419532143
4,70623127190466
4,7404826602059
4,77227017545777
4,80156731797779
4,82834927316837
4,85259291151687
4,87427678859551
4,89338114506142
4,90988790665666
4,92378068420817
4,9350447736278
4,94366715591232
4,94963649714338
4,95294314848755
4,95357914619629
4,951538211606
4,94681575113794
4,93940885629829
4,92931630367816
4,91653855495352
4,90107775688528
4,88293774131924
4,8621240251861
4,83864381050149
4,81250598436589
4,78372111896476
4,75230147156839
4,71826098453204
4,6816152852958
4,64238168638476
4,60057918540881
4,55622846506283
4,50935189312657
4,45997352246466
4,4081190910267
4,3538160218471
4,29709342304529
4,23798208782549
4,17651449447689
4,1127143868679
4,04659747683549
3,9781951822366
3,90754025595912
3,83466656451155
3,7596090880228
3,68240392024241
3,60308826854029
3,52170045390698
3,43827991095351
3,35286718791134
3,26550394663256
3,17623296258966
3,08509812487574
2,99214443620432
2,89741801290954
2,8009660849459
2,70283699588856
2,60308020293315
2,50174627689572
2,39888690221299
2,29455487694202
2,18880411276055
2,08168963496666
1,97326758247908
1,86359520783704
1,75273087720015
1,64073407034872
1,52766538068339
1,41358651522547
1,29856029461663
1,18265065311922
1,06592263861592
0,948442412610063
0,830277250225474
0,711495540206379
0,592166622504423
0,472329379619518
0,352029913497461
0,231337212942466
0,110319952080624
-0,0109535096404378
-0,132415127451258
-0,253997171260668
-0,375632225655921
-0,497253189902393
-0,618793277943924
-0,740186018402477
-0,861365254578478
-0,982265144450521
-1,10282016067549
-1,22296509058869
-1,34263503620356
-1,46176541421199
-1,58029195598399
-1,69815070756804
-1,81527802969076
-1,9316105977572
-2,0470854018506
-2,16163974673248
-2,2752112518428
-2,38773785129963
-2,49915779389949
-2,60940964311706
-2,71843227710544
-2,82616488869589
-2,9325469853981
-3,03751838939996
-3,14101923756764
-3,24298998144571
-3,34337138725691
-3,44210453590239
-3,53913082296146
-3,63439195869187
-3,72782996802956
-3,81938719058876
-3,90900817708688
-3,99667598623186
-4,08235027696247
-4,16597608735361
-4,24750008042157
-4,32687054412368
-4,40403739135866
-4,47895215996631
-4,55156801272769
-4,62183973736513
-4,68972374654209
-4,75517807786333
-4,81816239387475
-4,87863798206355
-4,93656775485805
-4,99191624962788
-5,04464962868383
-5,0947356792779
-5,14214381360336
-5,18684506879465
-5,22881210692746
-5,26801921501865
-5,30444230502636
-5,3380589138499
-5,3688482033298
-5,39679096024784
-5,42186959632698
-5,44406814823141
-5,46337227756655
-5,47976927087902
-5,49324803965666
-5,50379912032853
-5,51141467426492
-5,5160884877773
-5,5178159721184
-5,51659416348215
-5,51242172300367
-5,50529893675935
-5,49522909433245
-5,48222001686433
-5,46627259184816
-5,44738843563058
-5,42557088316133
-5,40082498799324
-5,37315752228228
-5,34257697678749
-5,30909356087107
-5,27271920249826
-5,23346754823747
-5,19135396326022
-5,14639553134109
-5,09861105485782
-5,0480210547912
-4,99464777072521
-4,93851516084685
-4,87964890194633
-4,81807638941685
-4,75382673725482
-4,68693077805974
-4,61742106303416
-4,54533186198381
-4,47069916331747
-4,39356067404711
-4,3139558197877
-4,23192574475743
-4,14751331177749
-4,06076310227227
-3,97172141626926
-3,88043627239898
-3,78695740789518
-3,69133627859457
-3,59362605893714
-3,49388164196583
-3,39215963932678
-3,28851838126928
-3,18301791664558
-3,0757200129112
-2,96668551752513
-2,85593908243441
-2,74352902457373
-2,62951666874585
-2,51396378533168
-2,3969325902906
-2,2784857451603
-2,15868635705669
-2,03759797867416
-1,91528460828529
-1,79181068974114
-1,66724111247092
-1,54164121148238
-1,41507676736138
-1,28761400627226
-1,15931959995772
-1,03026066573861
-0,900504766514309
-0,770119910762353
-0,639174552538782
-0,507737591477782
-0,375878372792011
-0,243666687272454
-0,111172771288289
0,0215326932127908
0,154378578704947
0,287293312083825
0,42020487466693
0,553040802193245
0,685728184823615
0,818193667140409
0,95036344814767
1,08216328127125
1,21351847435849
1,34435388967856
1,47459394392217
1,60416260820182
1,73298340805154
1,86097942342719
1,98809941864266
2,11430483131173
2,23952117203661
2,36367480570557
2,48669326002156
2,60850522550184
2,72904055547831
2,84823026609723
2,96600653631936
3,08230270792004
3,19705328548896
3,31019393643041
3,42166149096306
3,53139394212017
3,63933044574935
3,74541132051286
3,8495780478873
3,95177327216378
4,05194080044798
4,15002560265993
4,24597381153429
4,33973272262005
4,43125079428083
4,5204776476946
4,60736406685394
4,69186199856581
4,77392455245167
4,85350600094754
4,9305617793038
5,00504848558545
5,07692388067184
5,14614688825693
5,21267759484906
5,27647724977107
5,33750826516036
5,39573490859417
5,45114575517904
5,50371516220245
5,5534063624777
5,60018457821709
5,64401702103204
5,68487289193301
5,72272338132949
5,7575416690301
5,78930292424247
5,81798430557334
5,84356496102847
5,86602602801272
5,88535063332998
5,90152389318325
5,91453291317455
5,92436678830499
5,93101660297473
5,93447543098301
5,93473833552813
5,93180236920743
5,92566657401735
5,91633198135338
5,90380161201007
5,88808047618103
5,86917557345896
5,84709589283559
5,82185241270174
5,79345810084728
5,76192791446116
5,72727880013137
5,68952969384498
5,64870152098814
5,60481719634602
5,55790162410292
5,50798169784212
5,45508630054605
5,39924630459614
5,34049457177293
5,27886595325597
5,21438437088237
5,14706445747597
5,07694010887415
5,00404680679027
4,92842137168765
4,85010196277981
4,76912807803021
4,68554055415251
4,59938156661042
4,51069462961768
4,41952459613818
4,3259176578858
4,22992134532463
4,13158452766868
4,03095741288219
3,92809154767936
3,82303981752453
3,71585644663217
3,60659699796669
3,49531837324273
3,38207881292487
3,26693789622791
3,14995654111659
3,03119700430586
2,91072288126062
2,78859910619595
2,66489195207703
2,53966903061897
2,41299929228714
2,28495302629683
2,15560186061356
2,02501876195277
1,89327803578011
1,7604553263113
1,62662472224491
1,49182685027112
1,35612770967231
1,21960440166864
1,08233384962594
0,944392799056089
0,805857817616695
0,66680529511137
0,527311443489614
0,387452296846661
0,247303711423824
0,106941365608098
-0,03355924006744
-0,17412278292403
-0,314674118136832
-0,455138278735324
-0,595440475602952
-0,735506097477279
-0,87526071095014
-1,01463006046728
-1,15354006832878
-1,29191683468862
-1,4296866375551
-1,5667759327905
-1,70311135411122
-1,83861971308791
-1,97322799914516
-2,10686337956185
-2,23945319947081
-2,37092498185916
-2,50120642756798
-2,63022541529261
-2,7579100015824
-2,88418842084081
-3,00898908532556
-3,13224058514831
-3,253871688275
-3,37381134052552
-3,49198866557407
-3,60836021509531
-3,72288555148602
-3,83549603307955
-3,94612466768163
-4,05470612617764
-4,16117674253236
-4,2654745137902
-4,36753910007497
-4,46731182459012
-4,56473567361851
-4,65975529652252
-4,75231700574416
-4,8423687768048
-4,92986024830547
-5,01474272192659
-5,09696916242821
-5,17649419764977
-5,25327411851037
-5,32726687900851
-5,39843209622223
-5,46673105030914
-5,53212668450628
-5,59458360513032
-5,65406808157731
-5,71054804632294
-5,76399309492233
-5,81437448601013
-5,86166514130057
-5,90583964558729
-5,94687424674356
-5,98474685572206
-6,01943704655507
-6,05092605635432
-6,07919678531111
-6,10423379669622
-6,12602784078132
-6,14457555246076
-6,15986184960131
-6,17187302818406
-6,18059739532544
-6,18602526927722
-6,18814897942648
-6,18696286629563
-6,18246328154243
-6,17464858795996
-6,16351915947661
-6,14907738115613
-6,13132764919757
-6,11027637093535
-6,08593196483917
-6,05830486051408
-6,0274074987005
-5,9932543312741
-5,95586182124595
-5,9152484427624
-5,87143468110518
-5,82444303269128
-5,7742980050731
-5,7210261169383
-5,6646558981099
-5,60521788954629
-5,54274464334108
-5,47727072272335
-5,40883270205736
-5,33746916684285
-5,26322071371475
-5,18612995044345
-5,10624149593453
-5,02360198022902
-4,93826004450326
-4,85026634106882
-4,75967353337274
-4,66653629599727
-4,57089650777599
-4,4727782643847
-4,37223435899974
-4,26931948082043
-4,16408924973977
-4,05660021634463
-3,94690986191553
-3,83507659842686
-3,72115976854664
-3,60521964563683
-3,48731743375294
-3,3675152676444
-3,24587621275438
-3,12246426521972
-2,99734435187114
-2,87058233023299
-2,74224498852353
-2,61240004565462
-2,48111615123205
-2,34846288555519
-2,21451075961732
-2,07933121510546
-1,94299662440026
-1,80558029057634
-1,66715644740185
-1,52780025933893
-1,38758782154326
-1,24659615986444
-1,10490323084584
-0,962587921724425
-0,819730050431122
-0,676410365590427
-0,532710546520793
-0,38871320323423
-0,244489885720518
-0,100091092139258
0,0444025390794625
0,188909095468909
0,333347282046417
0,477636421313033
0,621696453253924
0,765447935337968
0,908812042518165
1,05171056723122
1,19406591939797
1,33580112642301
1,47683983319484
1,61710630208605
1,75652541295292
1,89502266313586
2,032524167459
2,16895665823057
2,30424748524258
2,43832461577095
2,57111663457567
2,70255274390045
2,8325627634731
2,96107713050515
3,08802689969226
3,2133437432138
3,33695995073324
3,45880842939784
3,57882270383876
3,69693691617122
3,81308582599419
3,92720481039071
4,03923215474649
4,14912855163796
4,25683581230443
4,36229043942077
4,46543074008863
4,56619682583665
4,66453061262054
4,76037582082279
4,85367797525301
4,94438440514762
5,03244424417011
5,11780843041086
5,20042970638717
5,28026261904341
5,35726351975077
5,43139056430752
5,50260371293876
5,57086473029667
5,63613718546026
5,69838645193561
5,75757970765566
5,81368593498032
5,86667592069653
5,91652225601809
5,96319933658581
6,00668336246742
6,04695233815765
6,08398607257811
6,11776617907745
6,14827607543121
6,17550098384189
6,199427930939
6,22004574777892
6,23734506984506
6,25131809589807
6,26195585269877
6,26925021156273
6,27319513686326
6,27378653395381
6,271022249168
6,26490206981956
6,25542772420242
6,24260288159062
6,22643315223839
6,20692608738008
6,18409117923019
6,15793986098341
6,12848550681453
6,09574343187853
6,05973089231051
6,02046708522575
5,97797314871966
5,93227216186782
5,88338914472593
5,83135105832987
5,77618680469568
5,7179272268195
5,65660510867769
5,59225517522669
5,52491409240316
5,45462046712384
5,38141484728567
5,30533972176577
5,2264395204213
5,14476061408971
5,0603481915128
4,9732339425806
4,88346379740109
4,79108732373298
4,69615518127878
4,59871912168501
4,4988319885421
4,39654771738431
4,29192133568996
4,18500896288112
4,07586781032395
3,96455618132836
3,85113347114833
3,73566016698161
3,61819784796998
3,49880918519914
3,37755794169859
3,25450897244189
3,12972822434638
3,00328273627347
2,87524063902831
2,74567115536011
2,614644599962
2,48223237947086
2,34850699246772
2,2135420294773
2,07741217296845
1,94019319735372
1,8019619689898
1,66279644617709
1,52277567916005
1,38197022122881
1,24043562219522
1,09825130296054
0,955497713525085
0,812254980567942
0,668602907446569
0,524620974197202
0,380388337534441
0,235983830851617
0,0914859642206314
-0,0530270756081945
-0,197477425205763
-0,341787544464606
-0,485880216598479
-0,62967854814277
-0,773105968954141
-0,91608623221068
-1,05854341441206
-1,20040191537916
-1,34158645825451
-1,48202208950187
-1,6216341789066
-1,7603484195753
-1,89809082793621
-2,03478774373884
-2,17036583005411
-2,30475207327454
-2,43787378311387
-2,56965859260746
-2,70003445811192
-2,82892965930544
-2,95627279918749
-3,08199414009826
-3,20604800629693
-3,32837218728029
-3,44889595693223
-3,56755021389933
-3,68426748159122
-3,79898190818017
-3,91162926660153
-4,02214695455335
-4,13047399449655
-4,23655103365501
-4,34032034401535
-4,44172582232715
-4,54071299010274
-4,63722899361743
-4,73122260390925
-4,82264421677924
-4,91144585279118
-4,99758115727171
-5,08100540031042
-5,16167547675965
-5,23954990623471
-5,31458883311365
-5,38675402653747
-5,45600888040996
-5,52231841339784
-5,58564926893062
-5,64596971520067
-5,7032496451633
-5,75746057653656
-5,80857565180147
-5,85656963820181
-5,9014189277443
-5,94310153719846
-5,98160034304954
-6,01690251224147
-6,0489868607223
-6,07783374076257
-6,10342551729395
-6,12574656790942
-6,14478328286311
-6,1605240650704
-6,17295933010789
-6,18208150621338
-6,1878850342859
-6,19036636788571
-6,18952397323427
-6,18535832921427
-6,17787192736962
-6,16706927190544
-6,15295687968807
-6,13554328024508
-6,11483901576526
-6,09085664109859
-6,06361072375631
-6,03311784391084
-5,99939659439585
-5,9624675807062
-5,922353420998
-5,87907874608857
-5,83267019945642
-5,78315643724134
-5,73056812824425
-5,67493795392738
-5,61630060841411
-5,5546927984891
-5,49015324359815
-5,42272267584836
-5,35244384000803
-5,27935309587095
-5,20347343231472
-5,12484698921618
-5,04351802358058
-4,95953193172694
-4,87293524928835
-4,7837756512117
-4,6921019517579
-4,59796410450177
-4,50141320233198
-4,40250147745125
-4,30128230137609
-4,19781018493706
-4,09214077827854
-3,9843308708589
-3,87443839145047
-3,76252240813937
-3,64864312832583
-3,53286189872381
-3,41524120536138
-3,29584467358036
-3,17473706803669
-3,05198429270002
-2,9276533908541
-2,80181254509657
-2,6745310773389
-2,54587944880662
-2,41592926003904
-2,28475325088957
-2,15242530052535
-2,01902042742765
-1,88461478939146
-1,74928568352585
-1,61311154625381
-1,47617195331211
-1,33854761962868
-1,20028992398544
-1,06145012581084
-0,922108873069344
-0,782346309717897
-0,642242075705819
-0,501875306974638
-0,361324635458443
-0,220668189083486
-0,0799835917685789
0,0606520365753032
0,201162080044625
0,341470426743689
0,481501468784287
0,621180102285848
0,760431727375591
0,899182248188173
1,03735807286609
1,17488611355927
1,31169378642549
1,44770901162997
1,58286021334574
1,71707631975336
1,85028676304098
1,98242147940459
2,11341090904758
2,24318599618119
2,37167818902411
2,49881943980285
2,62454220475142
2,74877944411147
2,87146462213243
2,99253170707118
3,11191517119242
3,22954999076831
3,34537164607883
3,45931612141141
3,57131990506132
3,68132668089324
3,7893117745353
3,89521802332044
3,99898376553916
4,10054914538937
4,19985611297609
4,29684842431172
4,3914716413158
4,48367313181526
4,57340206954416
4,66060943414386
4,74524801116302
4,82727239205746
4,90663897419039
4,98330596083213
5,05723336116037
5,12838299025999
5,19671846912313
5,26220522464923
5,32481048964493
5,38450330282418
5,44125450880812
5,49503675812522
5,54582450721114
5,59359401840885
5,63832335996853
5,67999240604763
5,71858283671088
5,75407813793023
5,78646360158491
5,81572632546138
5,8418552132534
5,86484097456194
5,88467612489524
5,90135498566881
5,9148736842054
5,92523015373502
5,93242440457765
5,93645907189972
5,9373325339842
5,93504371356761
5,92959333958124
5,9209839471512
5,90921987759837
5,89430727843841
5,87625410338178
5,85507011233373
5,83076687139426
5,80335775285822
5,77285793521519
5,73928440314957
5,70265594754054
5,66299316546205
5,62031846018287
5,57465604116651
5,52603192407132
5,47447393075039
5,42001168925165
5,36267663381775
5,30250200488617
5,2395228490892
5,17377601925385
5,10530017440198
5,03413577975017
4,96032510670989
4,88391223288727
4,80494304208331
4,72346522429382
4,6395282757093
4,55318349871514
4,46448400189141
4,3734847000131
4,28024231404983
4,18481537116617
4,08726420472133
3,9876509542694
3,88603657551788
3,78244179727998
3,67691391234227
3,56951448565613
3,46030552060021
3,34934945898012
3,23670918102876
3,12244800540597
3,00662968919886
2,88931842792162
2,77057885551547
2,6504760443489
2,52907550521735
2,40644318734355
2,28264547837719
2,15774920439518
2,03182162990158
1,90493045782742
1,77714382953104
1,64853032479769
1,51915896183996
1,38909919729735
1,25842092623668
1,12719448215168
0,995490636963352
0,863380601019829
0,730936023096208
0,598228990394896
0,465332028545231
0,33231810160386
0,199260612054359
0,0662334008076106
-0,0666892527985676
-0,199432630999103
-0,3319215776018
-0,464080497987486
-0,595833359109683
-0,727103689494979
-0,857820281713057
-0,987958576094295
-1,1174544686444
-1,24623216909013
-1,37421708581117
-1,50133582583974
-1,62751619486103
-1,75268719721278
-1,87677903588569
-1,999723112523
-2,12145202742093
-2,24189957952828
-2,36100076644663
-2,47869178443044
-2,59491002838676
-2,70959409187555
-2,82268376710938
-2,93412004495371
-3,04384511492663
-3,15180236519911
-3,25793638259478
-3,36219295259002
-3,46451905931408
-3,56486288554882
-3,66317381272898
-3,75940242094195
-3,85350048892798
-3,94542099408
-4,03511811244367
-4,12254721871752
-4,20766488625272
-4,29042888705328
-4,37079819177589
-4,44873296973009
-4,52419458887806
-4,59714561583484
-4,66754981586817
-4,73537215289852
-4,80057878949921
-4,86313708689621
-4,92302645423024
-4,98023451315322
-5,03472883356204
-5,08647838025575
-5,13545399846281
-5,181628413841
-5,22497623247746
-5,26547394088877
-5,30309990602077
-5,33783437524876
-5,36965947637735
-5,39855921764054
-5,42451948770168
-5,4475280556535
-5,46757457101809
-5,4846505637469
-5,49874944422076
-5,50986650324985
-5,51799891207373
-5,52314572236131
-5,52530786621089
-5,5244881561501
-5,52069128513598
-5,51392382655489
-5,5041942342226
-5,49151284238421
-5,4758918657142
-5,45734539931642
-5,43588941872409
-5,41154177989977
-5,38432221923541
-5,35425235355234
-5,3213556801012
-5,28565757656205
-5,2471853010443
-5,20596799208672
-5,16203666865743
-5,11542423015395
-5,06616545640317
-5,01428718053775
-4,95979863853912
-4,90273197285369
-4,84312173915011
-4,78100357694956
-4,71641420962595
-4,64939144440573
-4,57997417236805
-4,50820236844466
-4,4341170914199
-4,35776048393081
-4,27917577246699
-4,19840726737073
-4,11550036283688
-4,030501536913
-3,94345835149917
-3,8544194523482
-3,76343456906551
-3,67055451510908
-3,57583118778961
-3,47931756827033
-3,38106772156721
-3,28113679654872
-3,17958102593606
-3,07645772630307
-2,97182529807609
-2,86574322553424
-2,75827207680914
-2,64947350388516
-2,53941024259915
-2,42814611264077
-2,31574601755212
-2,20227594472806
-2,08780296541607
-1,97239523471615
-1,85612199158108
-1,73905355881611
-1,62126133599631
-1,50278361475796
-1,38365985823325
-1,26396082967056
-1,14375682793908
-1,02311768752869
-0,902112778549847
-0,780811006733858
-0,659280813432551
-0,537590175618621
-0,415806605885277
-0,293997152446553
-0,172228399137172
-0,0505664654124183
0,0709229936515583
0,19217478735809
0,313124189389647
0,433706937808177
0,553859235054768
0,673517747949987
0,792619607693581
0,911102409864607
1,02890421442156
1,14596354570206
1,26221939242324
1,37761120768132
1,49207890895206
1,6055628780903
1,7180039613304
1,82934346928588
1,93952317694958
2,04848532369377
2,15617261326986
2,26252821380874
2,36749575782044
2,47101934219447
2,57304352819951
2,67351334148357
2,77237427207407
2,86957227437759
2,96505376718018
3,05879047099167
3,15075412809344
3,24089241762521
3,32915461237486
3,41549157888871
3,49985577747155
3,58220126218677
3,66248368085613
3,74066027506003
3,81668988013721
3,89053292518507
3,96215143305937
4,03150902037443
4,09857089750309
4,16330386857661
4,22567633148485
4,28565827787608
4,34322129315713
4,39833855649326
4,45098484080831
4,50113651278456
4,54877153286277
4,59386945524228
4,63641142788085
4,67638019249477
4,71376008455882
4,7485370333063
4,78069856172896
4,8102337865771
4,83713341835948
4,86138976134337
4,88299671355455
4,90194976677727
4,91824600655432
4,93188411218693
4,94286435673488
4,95118860701643
4,95686029798921
4,95988227601253
4,96025551525164
4,95798218686237
4,95306593173401
4,94551186048929
4,93532655348442
4,92251806080901
4,90709590228615
4,88907106747238
4,86845601565768
4,84526467586549
4,81951244685268
4,79121619710959
4,76039426485998
4,72706645806111
4,69125405440363
4,65297980131167
4,61226791594283
4,5691440851881
4,52363546567198
4,47577068375238
4,42557983552069
4,3730944868017
4,31834767315369
4,26137389986841
4,20220914197099
4,14089084422009
4,07745792110772
4,01195075685946
3,94441120543421
3,87488259052444
3,80340970555597
3,73003881368813
3,65481764781371
3,57779541055886
3,49902277428331
3,4185518810801
3,33643634277585
3,25273124093051
3,16749182945605
3,08073409888815
2,99249286020458
2,90282200257013
2,81177560693577
2,71940794603888
2,62577348440297
2,53092687833795
2,43492297593989
2,3378168170912
2,23966363346059
2,14051884850291
2,04043807745944
1,93947712735758
1,83769199701116
1,73513887702011
1,6318741497708
1,5279543894357
1,42343636197369
1,3183770251299
1,21283352843563
1,10686321320858
1,0005236125526
0,893872451357944
0,78696764630099
0,679867305844536
0,572629730237501
0,465313411515188
0,357977033499169
0,250679471797177
0,143479793803365
0,0364372586980024
-0,0703886825522133
-0,17693838719447
-0,283152020689569
-0,388969556712043
-0,494330777150263
-0,599175272106184
-0,703442439895599
-0,807094741899031
-0,910106484167086
-1,01241758480239
-1,11396869922439
-1,21470159443116
-1,3145591489992
-1,41348535308377
-1,51142530841875
-1,60832522831639
-1,70413243766773
-1,79879537294235
-1,89226358218848
-1,98448772503275
-2,07541957268056
-2,16501200791591
-2,2532190251012
-2,33999573017763
-2,42529834066489
-2,50908418566135
-2,59131170584378
-2,67194045346772
-2,75093109236731
-2,8282453979551
-2,90384625722239
-2,97769766873905
-3,04976474265355
-3,12001370069283
-3,18841187616256
-3,25492771394695
-3,31953077050885
-3,38219171388956
-3,44288232370912
-3,50157549116614
-3,5582452190377
-3,61286662167961
-3,66541592502622
-3,7158704665905
-3,76420869546391
-3,81041017231662
-3,8544557658928
-3,89633733445191
-3,93604042489064
-3,97354513596086
-4,00883303719366
-4,04188716889934
-4,0726920421675
-4,10123363886697
-4,12749941164575
-4,15147828393118
-4,17316064992978
-4,19253837462734
-4,20960479378886
-4,22435471395861
-4,23678441246007
-4,24689163739601
-4,25467560764838
-4,26013701287842
-4,26327801352658
-4,26410224081257
-4,26261479673533
-4,25882225407304
-4,25273265638312
-4,24435551800224
-4,23370182404631
-4,22078403041046
-4,2056160637691
-4,18821332157584
-4,16859267206356
-4,14677245424433
-4,12277247790956
-4,0966140236298
-4,06831984275487
-4,03791415741388
-4,00542266051513
-3,97087251574616
-3,93429235757374
-3,89571229124395
-3,85516389278206
-3,81268020899256
-3,76827808997208
-3,72196872505548
-3,67378357807738
-3,62375483236918
-3,57191534493936
-3,51829864647321
-3,46293894133302
-3,40587110755797
-3,34713069686431
-3,28675393464513
-3,22477771997042
-3,1612396255873
-3,09617789791965
-3,02963145706837
-2,96163989681125
-2,89224348460316
-2,82148316157578
-2,74940054253774
-2,67603791597473
-2,60143824404927
-2,52564516260087
-2,4487029811459
-2,37065668287787
-2,29155192466706
-2,21143503706075
-2,13035302428311
-2,0483535642354
-1,96548500849569
-1,88179638231898
-1,79733738463737
-1,71215838805976
-1,62631043887204
-1,53984525703696
-1,45281523619444
-1,36527344366113
-1,27727362043063
-1,1888668385629
-1,10007161026955
-1,01093264000529
-0,921504086064041
-0,831839592413724
-0,741992288695837
-0,652014790225664
-0,561959197992461
-0,471877098659074
-0,381819564562196
-0,291837153712234
-0,201979909793573
-0,112297362164185
-0,0228385258558865
0,0663480984257845
0,15521452430132
0,243713279717621
0,331797406947806
0,419420462591023
0,506536517572827
0,593100157144929
0,679066480885318
0,764391102698022
0,849030150813466
0,932940267788294
1,01607861050519
1,09840285017323
1,17987117232767
1,26044227683
1,3400753778678
1,41873020395502
1,49636699793183
1,57294651696444
1,64843003254546
1,72277933049366
1,79595671095408
1,86792498839782
1,93864749162236
2,00808806375133
2,07621106223465
2,14298205540258
2,20838619465441
2,27239752509789
2,33498182567299
2,39610609687424
2,4557385607506
2,51384866090549
2,57040706249662
2,62538565223632
2,67875753839131
2,73049705078265
2,78057974078596
2,82898238133126
2,87568296690304
2,92066071354013
2,96389605883589
3,00537066193814
3,04506740354902
3,08297038592524
3,11906493287788
3,1533375897725
3,18577612352902
3,2163695226219
3,24510799707998
3,27198297848657
3,29698711997938
3,32011429625059
3,34135960354684
3,36071935966914
3,37819110397301
3,39377359736839
3,40746682231964
3,41927198284557
3,42919150451944
3,43722903446895
3,44338944137621
3,4476788154778
3,4501035713142
3,4506650845728
3,44936781865713
3,44621796425969
3,4412226790686
3,43439008776766
3,42572928203632
3,41525032054964
3,40296422897837
3,38888299998891
3,37301959324327
3,35538793539914
3,33600292010984
3,31488040802438
3,29203722678738
3,26749117103908
3,24126100241547
3,21336644954808
3,18382820806416
3,15266794058655
3,11990827673382
3,08557281312012
3,04968611335525
3,01227370804472
2,97336209478963
2,93297873818675
2,89115206982847
2,8479114883029
2,80328735919374
2,75731101508031
2,7100147555377
2,66143184713653
2,61159652344312
2,56054398501938
2,50831039942299
2,45493290120719
2,40044959192083
2,34489954010855
2,28832278131051
2,23076031806257
2,17224157923332
2,11277419666376
2,05239588242826
1,99114609828556
1,92906428716119
1,86618987314772
1,80256226150444
1,73822083865752
1,67320497220013
1,60755401089219
1,54130728466053
1,4745041045988
1,40718376296768
1,33938553319458
1,27114866987376
1,20251240876652
1,13351596680089
1,06419854207179
0,994599313841007
0,924757442537319
0,854712069756238
0,78450231826015
0,714167291978461
0,643746076007301
0,573277736609725
0,502801321215607
0,432355858421847
0,361980357992066
0,291713810856811
0,221595189113448
0,151663446026369
0,0819575160266872
0,0125163147123901
-0,0566212611515131
-0,125416333633289
-0,193830043634283
-0,261823550889014
-0,329358051713026
-0,396414325360748
-0,46297041723999
-0,528987428866839
-0,594427309512515
-0,659252856203187
-0,723427713720063
-0,786916374599205
-0,849684179131808
-0,911697315364058
-0,972922819097001
-1,03332857388681
-1,09288331104461
-1,15155660963656
-1,20931889648368
-1,26614144616211
-1,32199638100296
-1,37685667109236
-1,43069613427129
-1,4834894361359
-1,53521209003727
-1,5858404570814
-1,63535174612939
-1,68372401379728
-1,73093616445615
-1,77696795023198
-1,82179997100582
-1,86541367441373
-1,90779135584668
-1,94891615845069
-1,98877207312679
-2,02734393853098
-2,06461744107422
-2,1005791149225
-2,13521634199684
-2,16851735197316
-2,20047122228245
-2,23106787811067
-2,26029809239879
-2,28815348584272
-2,31462748684982
-2,33971286521836
-2,36340047358718
-2,38568206743608
-2,40655032793894
-2,42599886196372
-2,4440222020724
-2,46061580652106
-2,47577605925985
-2,48950026993296
-2,50178667387864
-2,51263443212923
-2,52204363141112
-2,53001528414476
-2,53655132844468
-2,54165462811946
-2,54532897267174
-2,54757907729824
-2,54841058288974
-2,54783005603107
-2,54584498900114
-2,54246379977293
-2,53769583201345
-2,53155135508382
-2,52404156403919
-2,51517857962879
-2,50497544829591
-2,4934461421779
-2,48060555910618
-2,46646952260624
-2,45105478189761
-2,43437901189392
-2,41646081320284
-2,3973197121261
-2,3769761606595
-2,35545153649294
-2,33276814301032
-2,30894920928964
-2,28401455398632
-2,2579660652548
-2,23082313645976
-2,20260837941431
-2,17334470255763
-2,14305531095489
-2,11176370629729
-2,07949368690214
-2,04626934771273
-2,01211508029838
-1,97705557285445
-1,9411158102024
-1,90432107378966
-1,86669694168972
-1,82826928860206
-1,78906428585232
-1,74910840139206
-1,70842839979889
-1,66705134227655
-1,62500458665471
-1,58231578738914
-1,53901289556157
-1,4951241588799
-1,45067812167797
-1,40570362491563
-1,3602298061789
-1,3142860996797
-1,26790223625606
-1,22110824337198
-1,17393444511763
-1,12641146220909
-1,07857021198848
-1,03044190842409
-0,982058062110097
-0,933450480266789
-0,884651266740438
-0,835678688681298
-0,786549239586108
-0,737295372331236
-0,68794911906355
-0,638542072308001
-0,589105384967413
-0,539669770322589
-0,490265502032414
-0,440922414133645
-0,391669901041052
-0,342536917547351
-0,293551978823337
-0,24474316041768
-0,196138098257027
-0,147763988646109
-0,0996475882675283
-0,0518152141819019
-0,00429274382779021
0,0428943849781676
0,0897211740414553
0,136163064789578
0,182195938271964
0,227796115160162
0,272940355747711
0,317605859950203
0,361770267305157
0,40541165697221
0,448508547732988
0,491039897991171
0,532985105772368
0,574324008724303
0,61503688411672
0,655104448841298
0,694507859411826
0,733228711964084
0,771249042255903
0,808551325667055
0,845118477199413
0,880933851476874
0,91598346502083
0,950257668053864
0,983740489080828
1,01641620074707
1,04826980481026
1,07928703214053
1,10945434272037
1,13875892564465
1,16718869912063
1,19473231046798
1,22137913611875
1,24711928161736
1,27194358162062
1,29584359989776
1,31881162933039
1,34084069191245
1,36192453875034
1,38205765006284
1,40123523518106
1,41945323254856
1,43670830972126
1,4529978633675
1,46832001926795
1,48267363231571
1,49605828651628
1,50847429498749
1,51992269995963
1,53040527277532
1,53992451388962
1,54848365286993
1,55608664839606
1,56273818826021
1,56844368936697
1,57320929773331
1,57704103950724
1,57993973944673
1,58191019803446
1,58295871408631
1,58309204815469
1,5823174225286
1,58064252123361
1,57807549003186
1,57462493642208
1,57029992963954
1,56511000065612
1,55906514218025
1,55217580865692
1,54445291626774
1,53590784293084
1,52655242830096
1,51639897376939
1,50546024246401
1,49374945924927
1,48128031072617
1,46806694523231
1,45412397284186
1,43946646536554
1,42410995635068
1,40807044108116
1,39136437657742
1,37400868159649
1,35602073663199
1,33741838391408
1,31821992740951
1,29844413282158
1,27811022759022
1,25723790089187
1,23584730363956
1,21395904848294
1,19159420980816
1,16877432373799
1,14552138813174
1,12185740940639
1,0977875448227
1,07332445007496
1,04848933976176
1,02330329017327
0,997787239291264
0,971961986789107
0,945848194031815
0,919466384075952
0,892836941669683
0,865980113252833
0,83891600695677
0,811664592604485
0,784245701710548
0,756679027481193
0,728984124814193
0,701180410298947
0,673287162216432
0,645323520539287
0,617308486931695
0,589260924749439
0,561199559039965
0,533142976542257
0,505109625686927
0,477117816596162
0,449185721083817
0,421331372655283
0,393572666507558
0,365927359529297
0,338413070300699
0,311047279093586
0,28384732787136
0,256830420289083
0,230013621693363
0,203413859122407
0,177047758734548
0,150922127103389
0,125048409809548
0,0994437051530123
0,074124591801706
0,0491071287913823
0,0244068555256967
3,87917761704715E-05
-0,0239825623177393
-0,0476432262487441
-0,0709297391416709
-0,0938291597534136
-0,116329066473032
-0,138417557321687
-0,160083249952669
-0,18131528165134
-0,202103309335225
-0,222437509553964
-0,242308578489269
-0,261707731955015
-0,280626705397175
-0,299057753893855
-0,316993652155235
-0,334427694523653
-0,351353694973561
-0,367765987111493
-0,383659424176134
-0,399029379038274
-0,413871744200829
-0,428182931798802
-0,441959873599342
-0,455200021001706
-0,467901345037272
-0,480062336369513
-0,491682005294043
-0,50275988173859
-0,513296015262976
-0,523290975059164
-0,532745415410008
-0,541655638284129
-0,550020638419321
-0,557840981728011
-0,565117646731366
-0,571852024559286
-0,578045918950433
-0,583701546252209
-0,588821535420766
-0,593408928020992
-0,59746717822653
-0,60100015281977
-0,604012131191841
-0,606507805342622
-0,608492279880741
-0,609971072023568
-0,61095011159722
-0,611435741036561
-0,611434715385201
-0,610954202295495
-0,610001782028546
-0,608585447454201
-0,606713604051053
-0,604395069906446
-0,601639075716465
-0,598455264785941
-0,594853693028452
-0,590844828966327
-0,586439553730634
-0,581649161061187
-0,576485357306556
-0,570960261424047
-0,565086404979716
-0,558876732148359
-0,552339523374636
-0,54547978884356
-0,538310084540685
-0,530843085557334
-0,523091489246287
-0,515068015221799
-0,506785405359592
-0,498256423796877
-0,489493856932318
-0,480510513426058
-0,471319224199705
-0,461932842436355
-0,452364243580561
-0,442626325338344
-0,432732007677218
-0,422694232826148
-0,412525965275577
-0,402240191777413
-0,391849921345059
-0,381368185253363
-0,37080803703865
-0,360182552498735
-0,349504829692884
-0,338787988941842
-0,328045172827818
-0,317289546194514
-0,306534296147083
-0,295792632052147
-0,285077785537826
-0,274403010493686
-0,263781583070773
-0,253226801681596
-0,242750346149084
-0,232356989697126
-0,222058863757734
-0,211869032698633
-0,201800215920859
-0,191864787858712
-0,182074777979782
-0,172441870784964
-0,162977405808424
-0,153692377617619
-0,144597435813288
-0,135702885029479
-0,127018684933504
-0,118554450225966
-0,110319450640774
-0,102322610945105
-0,0945725109394293
-0,0870773854575005
-0,0798451243663752
-0,0728832725663817
-0,0661990299911364
-0,0597992516075573
-0,0536904474158359
-0,0478787824494557
-0,0423700767751843
-0,0371698054930881
-0,0322830987365095
-0,0277147416720824
-0,023469174499725
-0,0195504924526525
-0,0159624457973581
-0,0127084398336235
-0,00979153489452483
-0,00721444189038352
-0,00497897685982963
-0,00308740349326431
-0,00154223800800641
-0,000345576503350725
0,000500905039426857
0,000995950757068648
0,00113872490433877
0,000928811854020516
0,000366216096916538
-0,000548637758149301
-0,00181490498433432
-0,00343132073677695
-0,00539620005259216
-0,00770743785087837
-0,0103625089327131
-0,0133584679811561
-0,016691949561241
-0,0203591681199875
-0,0243559179863936
-0,0286775733714406
-0,0333190883680804
-0,0382749969512543
-0,0435394129778846
-0,0491060301868622
-0,0549681221990695
-0,0611185425173652
-0,0675497245265927
-0,0742536814935619
-0,0812220065670763
-0,0884458727779203
-0,0959184825189085
-0,103634381182693
-0,111584684929544
-0,119760279256446
-0,128151849374733
-0,136749880210128
-0,145544656402724
-0,154526262306962
-0,163684581991675
-0,173009299240057
-0,182489897549677
-0,192115660132455
-0,201875669914702
-0,211758809537088
-0,221753761354663
-0,231849007436822
-0,242032829567353
-0,252293309244414
-0,262618327680508
-0,272995565802532
-0,283412504251743
-0,293856423383777
-0,304314403268615
-0,31477332369063
-0,325219864148567
-0,335640503855515
-0,346021521738956
-0,356348996440734
-0,366609973077807
-0,376796576546256
-0,386895497086831
-0,396892599517417
-0,406773911043286
-0,41652562125714
-0,426134082139083
-0,435585808056631
-0,444867475764689
-0,453965924405593
-0,462868155509078
-0,471561332992291
-0,480032783159774
-0,488269994703491
-0,496260618702816
-0,503992468624513
-0,511453520322771
-0,518631912039184
-0,525515944402754
-0,532094080429882
-0,538354945524388
-0,544287327477501
-0,549880176467844
-0,555122605061464
-0,560003888211807
-0,564513463259735
-0,568640929933506
-0,572376050348796
-0,575708749008688
-0,578629112803667
-0,581127391011634
-0,583193995297893
-0,584819653816511
-0,586000977161461
-0,58673165518445
-0,587002706222942
-0,586805618193227
-0,586132348590418
-0,584975324488452
-0,58332744254009
-0,581182068976918
-0,578533039609345
-0,575374659826604
-0,57170170459675
-0,567509418466668
-0,562793515562062
-0,557550179587457
-0,551776063826213
-0,545468291140504
-0,538624453971331
-0,531242614338514
-0,523321303840712
-0,514859523655393
-0,505856744538849
-0,496312906826212
-0,486228420431422
-0,475604164847247
-0,464441489145273
-0,452742211975933
-0,44050862156846
-0,427743475730919
-0,414450001850189
-0,400631896892003
-0,386293327400888
-0,371438929500194
-0,356072052435527
-0,34019566943156
-0,32381516775203
-0,306936384148038
-0,289565598266941
-0,271709532652277
-0,253375352743805
-0,234570666877537
-0,21530352628567
