0
-2,96839542255373E-06
-1,18704041118048E-05
-2,66964947981363E-05
-4,74306174033664E-05
-7,40501749828888E-05
-0,000106526839611573
-0,000144826060511285
-0,000188907030970239
-0,000238722688342995
-0,000294219714050461
-0,000355338533579891
-0,000422013316484886
-0,000494171976385394
-0,000571736170967709
-0,000654621301984474
-0,000742737898310747
-0,000835991319014396
-0,000934279508009981
-0,00103749529824769
-0,00114552643947858
-0,00125825559825454
-0,00137556035792833
-0,00149731321865354
-0,00162338159738464
-0,00175362782787694
-0,00188790916068659
-0,00202607776317062
-0,00216798071948688
-0,00231346003059411
-0,00246235261425188
-0,00261449030502061
-0,00276969985426157
-0,00292780293013691
-0,00308863010432622
-0,00325200838642934
-0,00341774535974753
-0,00358564678109444
-0,00375551660522619
-0,00392715698484133
-0,00410036827058084
-0,00427494901102816
-0,00445069595270916
-0,00462740404009214
-0,00480486641558787
-0,00498287441954953
-0,00516121759027277
-0,00533968366399565
-0,0055180585748987
-0,00569612645510488
-0,00587366963467958
-0,00605046864163064
-0,00622630220190835
-0,00640094723940543
-0,00657417887595704
-0,00674577043134079
-0,00691549342327672
-0,00708311756742732
-0,00724841841835487
-0,00741122827787514
-0,00757132558982022
-0,0077284759502675
-0,0078824484748014
-0,00803301579851343
-0,00817995407600212
-0,00832304298137308
-0,00846206570823894
-0,00859680896971939
-0,00872706299844119
-0,00885262154653814
-0,00897328188565107
-0,00908884480692789
-0,00919911462102356
-0,00930389915810006
-0,00940300976782646
-0,00949626131937886
-0,00958347220144042
-0,00966446432220133
-0,00973906310935885
-0,0098070975101173
-0,00986839999118803
-0,00992280653878946
-0,00997015665864703
-0,0100102933759933
-0,0100430632355677
-0,010068316301617
-0,0100859154830896
-0,0100957943394631
-0,010097822132668
-0,0100918565473312
-0,010077763221447
-0,0100554157463769
-0,0100246956668501
-0,00998549248096305
-0,00993770364017969
-0,00988123454933128
-0,00981599856661655
-0,0097419170036016
-0,00965891912521997
-0,00956694214977259
-0,00946593124892779
-0,00935583954772133
-0,00923662812455637
-0,00910826601120346
-0,00897073019280058
-0,0088240056078531
-0,00866808514823382
-0,00850296965918293
-0,00832866793930803
-0,00814519674058414
-0,00795258076835366
-0,00775085268132644
-0,00754005309157969
-0,00732023056455807
-0,00709144161907362
-0,00685375072730579
-0,00660723031480147
-0,00635196163316958
-0,00608803607327797
-0,0058155333914253
-0,00553453711052751
-0,0052451384097177
-0,00494743612434605
-0,00464153674597991
-0,00432755442240371
-0,00400561095761904
-0,0036758358118446
-0,0033383661015162
-0,00299334659928682
-0,00264092973402651
-0,00228127559082247
-0,00191455191097904
-0,00154093409201766
-0,0011606051876769
-0,000773755907912461
-0,000380584618897169
1,87026569790326E-05
0,000423892241109071
0,000834762798668747
0,00125108533861674
0,00167262321369461
0,00209913212042678
0,00253036009912055
0,00296604753386612
0,00340592715253653
0,00384972402678771
0,00429715557205848
0,0047479315475705
0,00520175405632835
0,00565831754511944
0,0061173088045141
0,00657848436791752
0,00704164939772793
0,00750649501336432
0,00797270987834882
0,00843998159976118
0,00890799672823881
0,00937644075797672
0,00984499812672756
0,0103133522158016
0,0107811853500667
0,0112481787979485
0,0117140127714301
0,0121783664260522
0,0126409178609134
0,0131013441186696
0,0135593211855345
0,0140145239912794
0,0144666264092332
0,0149153012562826
0,0153602202928716
0,0158010542230022
0,0162374726942337
0,0166691442976831
0,0170957365680253
0,0175169159834925
0,0179323479658747
0,0183416968805195
0,0187446260363321
0,0191407976857752
0,0195298730248695
0,0199115121931929
0,0202853742738813
0,0206511172936278
0,0210083982226837
0,0213569224337812
0,0216965833745196
0,0220270721659275
0,022348056468221
0,0226592118845566
0,0229602219610314
0,0232507781866826
0,0235305799934881
0,0237993347563661
0,0240567577931753
0,0243025723647148
0,0245365096747241
0,0247583088698831
0,0249677170398122
0,0251644892170722
0,0253483883771643
0,0255191854385302
0,0256766592625518
0,0258205966535517
0,0259507923587929
0,0260670490684785
0,0261691774157525
0,026256995976699
0,0263303312703426
0,0263890177586483
0,0264328978465217
0,0264618218818086
0,0264756481552953
0,0264742429007086
0,0264574802947156
0,026425242456924
0,0263774194498817
0,0263139092790772
0,0262346178929394
0,0261394591828375
0,0260283549830812
0,0259012350709208
0,0257581052078367
0,0255990084416243
0,0254238844197864
0,0252326833549583
0,025025367447157
0,0248019108837813
0,0245622998396114
0,0243065324768095
0,0240346189449193
0,0237465813808662
0,0234424539089572
0,0231222826408813
0,0227861256757087
0,0224340530998916
0,0220661469872639
0,0216825013990409
0,02128322238382
0,0208684279775798
0,020438248203681
0,0199928250728657
0,0195323125832578
0,0190568767203628
0,0185666954570681
0,0180619587536424
0,0175428685577364
0,0170096388043823
0,0164624954159942
0,0159016763023675
0,0153274313606797
0,0147400224754896
0,0141397235187381
0,0135268203497473
0,0129016108152213
0,0122644047492458
0,0116155239732883
0,0109553022961976
0,0102840505199211
0,00960199160303499
0,00890944750415523
0,00820675556410579
0,007494259394088
0,00677230887568074
0,00604126016084022
0,00530147567190023
0,00455332410157187
0,00379718041294385
0,00303342583948216
0,0022624478850304
0,00148464032380946
0,000700403200417855
-8,98571701686314E-05
-0,000885728202596596
-0,00168679104113534
-0,00249262055967656
-0,00330278536173467
-0,00411684778044647
-0,00493436387857145
-0,00575488344849153
-0,00657795001221129
-0,00740310082135776
-0,00822986685718058
-0,00905777283055198
-0,0098863371819666
-0,0107150720815418
-0,0115434834290173
-0,0123710708537557
-0,0131973277147416
-0,0140217411005828
-0,0148437918295091
-0,0156629544493732
-0,0164786972376501
-0,0172904822014377
-0,018097765077456
-0,0188999953320479
-0,0196966161611787
-0,0204873294682783
-0,0212718609681486
-0,0220496768915041
-0,0228202500142321
-0,0235830596751042
-0,0243375917757754
-0,0250833387807845
-0,0258197997175543
-0,0265464801763913
-0,0272628923104857
-0,0279685548359115
-0,0286629930316266
-0,0293457387394726
-0,030016330364175
-0,0306743128733429
-0,0313192377974693
-0,031950663229931
-0,0325681538269886
-0,0331712808077863
-0,0337596219543525
-0,0343327616115989
-0,0348902906873214
-0,0354318066521994
-0,0359569135397962
-0,0364652219465589
-0,0369563490318185
-0,0374299185177894
-0,0378855606895702
-0,0383229123951432
-0,0387416170453743
-0,0391413246140134
-0,039521691637694
-0,0398823812159336
-0,0402230630111334
-0,0405434132485783
-0,040843114716437
-0,0411218567657622
-0,0413795126578093
-0,0416160270756539
-0,0418310970457665
-0,042024433363221
-0,0421957626269723
-0,0423448272398572
-0,0424713854085936
-0,042575211143781
-0,0426560942599002
-0,0427138403753134
-0,0427482709122644
-0,0427592230968782
-0,0427465499591614
-0,0427101203330019
-0,0426498188561691
-0,0425655459703137
-0,042457217920968
-0,0423247667575455
-0,0421681403333413
-0,0419873023055319
-0,0417822321351752
-0,0415529250872103
-0,0412993922304581
-0,0410216604376207
-0,0407197723852816
-0,0403937865539059
-0,0400437772278398
-0,0396698344953113
-0,0392720642484295
-0,0388505881831851
-0,0384055437994502
-0,0379370844009783
-0,0374453790954043
-0,0369306127942445
-0,0363929862128966
-0,0358327158706399
-0,0352500340906349
-0,0346451889999237
-0,0340184445294295
-0,0333700784846245
-0,0327003046635928
-0,0320093551827159
-0,0312975049810537
-0,0305650413424225
-0,0298122638953949
-0,0290394846133002
-0,0282470278142237
-0,0274352301610076
-0,02660444066125
-0,0257550206673059
-0,0248873438762863
-0,0240017963300588
-0,0230987764152476
-0,0221786948632328
-0,0212419747501516
-0,0202890514968969
-0,0193203728691186
-0,0183363989772227
-0,0173376022763717
-0,0163244675664844
-0,0152974919922363
-0,0142571850430589
-0,0132040685531406
-0,0121386767014257
-0,0110615560116153
-0,00997326535216679
-0,00887437593629394
-0,00776547132196696
-0,00664714741191235
-0,00552001245361335
-0,0043846870393093
-0,00324180410599607
-0,00209200893542582
-0,000935959154107449
0,000225675266694043
0,00139221201095716
0,00256295641790397
0,00373720271081229
0,00491456796585568
0,00609461277397516
0,00727664665498179
0,00845998162354397
0,00964393218918699
0,0108278153562937
0,0120109506241039
0,0131926599867151
0,0143722679330812
0,015549101447014
0,0167224900071823
0,0178917655871121
0,0190562626551866
0,0202153181746462
0,0213682716035887
0,0225144648949689
0,0236532424965988
0,0247839513511477
0,0259059408961422
0,0270185630639661
0,0281211722818602
0,0292131254719227
0,0302937820511091
0,0313625039312319
0,0324186555189608
0,033461603715823
0,0344907179182026
0,0355053700173412
0,0365049343993374
0,037488787945147
0,0384563100305833
0,0394068825263164
0,040339889797874
0,0412547187056408
0,0421507586048586
0,0430274013456269
0,0438840412729019
0,0447200752264971
0,0455349025410835
0,0463279460135022
0,0470990970492142
0,0478479737397206
0,0485740069932045
0,0492766453614251
0,0499553550397173
0,0506096198669917
0,0512389413257349
0,0518428385420094
0,0524208482854534
0,052972524969281
0,053497440650282
0,0539951850288223
0,0544653654488434
0,0549076068978628
0,0553215520069737
0,0557068610508452
0,0560632119477223
0,0563903002594257
0,0566878391913521
0,0569555595924739
0,0571932099553393
0,0574005564160726
0,0575773827543737
0,0577234903935183
0,0578386984003582
0,0579228434853207
0,0579757800024093
0,0579973799492029
0,0579875329668567
0,0579461463401014
0,0578731449972438
0,0577684715101662
0,0576320860943271
0,0574639666087605
0,0572641085560766
0,0570325250824611
0,0567692469776758
0,0564743226750581
0,0561478244366542
0,0557899095533354
0,0554006606105784
0,0549801461974659
0,0545284540503116
0,0540456910526602
0,0535319832352873
0,0529874757761994
0,0524123330006341
0,05180673838106
0,0511708945371764
0,0505050232359138
0,0498093653914335
0,049084181065128
0,0483297494656206
0,0475463689487654
0,0467343570176477
0,0458940503225838
0,0450258046611207
0,0441299949780366
0,0432070153653405
0,0422572790622725
0,0412812184553037
0,0402792850781358
0,039251949611702
0,0381997018841658
0,0371230508709225
0,0360225246945976
0,0348986706250479
0,0337520550793611
0,0325832636218561
0,0313929009640824
0,0301815909648205
0,0289499766300821
0,0276987201131097
0,0264285027143768
0,0251400248815879
0,0238340062096782
0,0225111854408144
0,0211722338183707
0,0198174662293173
0,0184475512092731
0,0170632207169321
0,0156652111494404
0,0142542633423971
0,0128311225698537
0,0113965385443147
0,00995126541673712
0,00849606177653058
0,00703169065155744
0,00555891950813258
0,00407852025102395
0,00259126922345179
0,00109794720708913
-0,000400660577938482
-0,00190376447305239
-0,00341057038122171
-0,0049202797669627
-0,00643208965633913
-0,00794519263696169
-0,00945877685798878
-0,010972026030126
-0,0124841194256265
-0,0139942318782901
-0,0155015337834648
-0,0170051910980453
-0,018504365340474
-0,0199982135907404
-0,0214858884903814
-0,0229665382424813
-0,0244393066116718
-0,0259033329241316
-0,027357752067587
-0,0288016944913115
-0,0302342862061262
-0,0316546487843992
-0,0330618993600461
-0,0344551506285296
-0,0358335108468602
-0,0371963256105296
-0,0385433301162844
-0,0398736948015051
-0,041186575002891
-0,0424811417858268
-0,0437565819443821
-0,0450120980013117
-0,0462469082080556
-0,0474602465447391
-0,0486513627201721
-0,0498195221718502
-0,0509640060659538
-0,0520841112973488
-0,0531791504895856
-0,0542484519949004
-0,0552913598942142
-0,0563072339971332
-0,0572954498419487
-0,0582553986956372
-0,0591864875538602
-0,0600881391409647
-0,0609597919099824
-0,0618009000426302
-0,0626109334493105
-0,0633893777691104
-0,0641357343698025
-0,0648495203478442
-0,0655302685283782
-0,0661775274652325
-0,0667908614409199
-0,0673698504666386
-0,0679140902822718
-0,0684231923563879
-0,0688967838862405
-0,0693345077977681
-0,0697360227455945
-0,0701010031130287
-0,0704291674545185
-0,0707205614529712
-0,0709749641019191
-0,0711920670921904
-0,0713715870413488
-0,0715132654936932
-0,0716168689202583
-0,0716821887188139
-0,0717090412138655
-0,0716972676566538
-0,071646734225155
-0,0715573320240809
-0,0714289770848786
-0,0712616103657304
-0,0710551977515545
-0,0708097300540042
-0,0705252230114683
-0,0702017172890711
-0,0698392784786722
-0,0694379970988669
-0,0689979885949856
-0,0685193933390942
-0,0680023766299943
-0,0674471286932227
-0,0668538646810517
-0,0662228246724888
-0,0655542736732774
-0,0648485016158959
-0,0641058233595584
-0,0633265786902142
-0,0625111323205483
-0,061659873889981
-0,060773217964668
-0,0598516040375003
-0,0588954965281048
-0,0579053847828433
-0,0568817830748132
-0,0558252306038476
-0,0547362914965146
-0,0536155548061181
-0,0524636345126973
-0,0512809606207666
-0,0500678484069689
-0,0488248907339799
-0,0475526963318215
-0,046251887734683
-0,0449231012809207
-0,0435669871130584
-0,0421842091777866
-0,0407754452259631
-0,0393413868126127
-0,0378827392969277
-0,0364002218422673
-0,0348945674161577
-0,0333665227902924
-0,0318168485405321
-0,0302463190469046
-0,0286557224936046
-0,0270458608689941
-0,0254175499656025
-0,023771619380126
-0,022108912513428
-0,0204302865705391
-0,0187366125606568
-0,0170287752971462
-0,0153076733975392
-0,0135742192835349
-0,0118293391809994
-0,0100739731199664
-0,00830907493463617
-0,00653561226337643
-0,00475456654872181
-0,00296693303737455
-0,00117372078020355
0,000624047367755003
0,00242533474729793
0,00422909089505444
0,00603425154348708
0,00783973862089114
0,00964482281765936
0,011449002179578
0,0132512211228604
0,015050425621598
0,0168455707153022
0,0186356205089039
0,0204195481727543
0,0221963359426246
0,0239649751197054
0,0257244660706079
0,0274738182273624
0,0292120500874196
0,03093818921365
0,0326512722343442
0,034350344843212
0,036034461799384
0,0377026869274101
0,0393540931172604
0,0409877623243246
0,0426027855694125
0,0441982629387538
0,0457733035839982
0,047327025722215
0,0488585566358935
0,0503670326729431
0,051851599246693
0,053311410835892
0,0547456309847093
0,0561534323027335
0,0575339964649737
0,0588865142118582
0,0602101853492357
0,0615042187483746
0,0627678323459633
0,06400025314411
0,0652007172103427
0,0663684696776095
0,0675027647442784
0,0686028656741373
0,0696681217812039
0,0706984190078859
0,071693165195938
0,0726516607712158
0,0735732329197086
0,0744572355875398
0,0753030494809669
0,0761100820663815
0,0768777675703089
0,0776055669794089
0,0782929680404751
0,0789394852604351
0,0795446599063504
0,080108060005417
0,0806292803449644
0,0811079424724564
0,0815436946954909
0,0819362120817997
0,0822851964592486
0,0825903764158375
0,0828515072997005
0,0830683712191053
0,0832407770424541
0,0833685603982828
0,0834515836752616
0,0834897360221945
0,0834829333480196
0,0834311183218091
0,0833342603727691
0,08319235569024
0,0830054272236959
0,0827735246827452
0,0824967245371301
0,0821751300167271
0,0818088711115465
0,0813981045717327
0,0809430139075642
0,0804438093894534
0,079900728047947
0,0793140218891582
0,0786838681023244
0,0780104883321561
0,0772941406550345
0,0765351068237514
0,0757336922675086
0,0748902260919183
0,0740050610790031
0,0730785736871956
0,0721111640513387
0,0711032559826855
0,0700552969688997
0,0689677581740547
0,0678411344386347
0,0666759442795336
0,065472729890056
0,0642320571399167
0,0629545155752404
0,0616407184185624
0,0602913025688282
0,0589069286013935
0,0574882807680242
0,0560360669968964
0,0545510188925967
0,0530338917361217
0,0514854644848785
0,049906539772684
0,0482979439097659
0,0466605268827619
0,0449951623547199
0,0433027476650979
0,0415842038297646
0,0398404755409988
0,0380725311674892
0,0362813627543351
0,0344679860230459
0,0326334403715414
0,0307787888741516
0,0289049435833364
0,0270123547276848
0,0251020212979216
0,0231749998474777
0,0212323488699196
0,0192751287989472
0,0173044020083955
0,0153212328122339
0,0133266874645663
0,0113218341596313
0,00930774303180203
0,0072854861555857
0,00525613754562526
0,0032207731566971
0,00118047088371253
-0,000863689438282592
-0,00291062603410785
-0,00495925518844826
-0,00700849124585432
-0,00905724661074196
-0,0111044317473929
-0,0131489551799532
-0,0151897234924355
-0,0172256413287176
-0,0192556113925426
-0,021278534447519
-0,0232933093171209
-0,0252988328846879
-0,0272940000934252
-0,0292777039464025
-0,031248835506556
-0,0332062838966869
-0,035148936299462
-0,0370756779574135
-0,0389853921729389
-0,0408769603083013
-0,0427492617856297
-0,0446011740869172
-0,0464315727540236
-0,0482393321455327
-0,0500238935983595
-0,0517846393667289
-0,0535204865922245
-0,055230375184265
-0,0569132678201043
-0,0585681499448316
-0,0601940297713705
-0,0617899382804804
-0,0633549292207557
-0,0648880791086259
-0,0663884872283557
-0,0678552756320448
-0,069287589139628
-0,0706845953388756
-0,0720454845853924
-0,0733694700026187
-0,0746557874818301
-0,075903695682137
-0,0771124760304852
-0,0782814327216553
-0,0794098927182635
-0,0804972057507608
-0,0815427443174331
-0,0825459036844019
-0,0835061018856237
-0,0844227797228901
-0,0852954007658278
-0,0861234513518985
-0,0869064405863993
-0,0876439003424625
-0,0883353852610549
-0,0889804727509791
-0,0895787629888727
-0,0901298789192081
-0,0906334662542932
-0,0910891934742708
-0,0914967835897575
-0,0918562669045074
-0,0921673980511855
-0,0924298636612909
-0,0926433816179427
-0,0928077010558794
-0,0929226023614596
-0,0929878971726613
-0,0930034283790821
-0,0929690701219396
-0,0928847277940708
-0,0927503380399326
-0,0925658687556014
-0,0923313190887734
-0,0920467194387645
-0,0917121314565103
-0,0913276480445659
-0,0908933933571064
-0,0904095227999262
-0,0898762230304398
-0,0892937119576811
-0,0886622387423038
-0,0879820837965813
-0,0872535587844066
-0,0864770066212925
-0,0856528014743714
-0,0847813487623954
-0,0838630851557362
-0,0828984785763855
-0,0818880281979544
-0,0808322644456738
-0,0797317489963942
-0,0785870747785858
-0,0773988659723387
-0,0761677780093623
-0,0748944975729858
-0,0735797425981586
-0,0722242622714493
-0,070828837031046
-0,069394278566757
-0,0679213870528587
-0,066410468353193
-0,0648621620880354
-0,0632772776927485
-0,0616566397038677
-0,0600010877590994
-0,058311476597322
-0,056588676058586
-0,0548335710841135
-0,0530470617162986
-0,0512300630987071
-0,0493835054760768
-0,047508334194317
-0,0456055097005099
-0,0436760075429082
-0,0417208183709373
-0,0397409479351941
-0,0377374170874474
-0,035711261780638
-0,0336635330688784
-0,0315952971074527
-0,0295076351528177
-0,0274016435626013
-0,0252784337956034
-0,0231391324117959
-0,0209848810723222
-0,018816836539498
-0,0166361706768106
-0,0144440704489188
-0,0122417379216545
-0,0100303902620201
-0,0078112597381904
-0,00558559371951201
-0,00335465467650335
-0,00111972018085474
0,00111791709457165
0,00335694937574184
0,00559609750109712
0,00783478567974837
0,0100719718642122
0,0123063540226905
0,0145366423319946
0,0167615591775453
0,0189798391533725
0,0211902290621157
0,0233914879150241
0,0255823869319552
0,0277617095413767
0,0299282513803658
0,0320808202946086
0,0342182363384009
0,0363393317746477
0,0384429510748635
0,0405279509191724
0,0425932001963068
0,0446375800036097
0,046659983647033
0,048659316641138
0,0506344967090953
0,052584453782685
0,0545081300022965
0,0564044797169286
0,0582724694841899
0,0601110780702971
0,0619192964500775
0,0636961278069675
0,0654405875330125
0,0671517032288678
0,0688285147037978
0,0704700739756761
0,0720754452709862
0,0736437050248202
0,0751739418808801
0,0766652566914773
0,0781167625175323
0,0795275846285754
0,0808972557259077
0,0822253345681324
0,0835109620446959
0,084753310647876
0,0859515846920671
0,0871050203137788
0,0882128854716367
0,0892744799463817
0,0902891353408708
0,0912562150800764
0,0921751144110867
0,0930452604031057
0,0938661119474529
0,0946371597575636
0,0953579263689888
0,0960279661393952
0,0966468652485653
0,097214241698397
0,0977297453129041
0,0981930577382163
0,0986038924425785
0,0989619947163517
0,0992671416720125
0,0995191422441531
0,0997178371894814
0,0998630990868212
0,0999548323371118
0,0999929731634082
0,0999774896108812
0,0999083815468172
0,0997856806606185
0,0996094504638027
0,0993797862900035
0,09909681529497
0,0987606964565673
0,0983716205747759
0,097929810271692
0,097435519991528
0,0968889545437356
0,0962902732703375
0,0956397261560159
0,0949375912152195
0,0941841743427863
0,0933798093139434
0,0925248577843073
0,091619709289884
0,0906647812470685
0,0896605189526451
0,0886073955837873
0,0875059121980582
0,0863565977334098
0,0851600090081835
0,0839167307211099
0,0826273754513095
0,0812925836582912
0,0799130236819535
0,0784893917425844
0,0770224119408608
0,0755128362578492
0,0739614445550052
0,0723690445741737
0,0707364719375886
0,0690645901478739
0,0673542905880422
0,0656064925214953
0,0638221430920247
0,0620022173238108
0,0601477181214236
0,0582596762698221
0,0563391504343544
0,0543872271607588
0,052405020875162
0,0503936738840802
0,0483543563744187
0,0462882664134726
0,0441963255121804
0,0420791228229515
0,0399378285403973
0,0377736344570559
0,0355877359450365
0,0333813319560208
0,031155625021263
0,0289118212515892
0,0266511303373982
0,0243747655486606
0,0220839437349195
0,0197798853252897
0,0174638143284597
0,0151369583326887
0,0128005485058089
0,0104558195952244
0,00810400992791179
0,00574636141041982
0,00338411952886948
0,0010185333489536
-0,00134914448406145
-0,0037176577453384
-0,00608574663046724
-0,00845214775546575
-0,0108155941567794
-0,0131748152912815
-0,0155285370362732
-0,0178754816894835
-0,0202143679690681
-0,0225439110136119
-0,0248628223821268
-0,0271698100540527
-0,0294635784292571
-0,0317428283280353
-0,0340062569911103
-0,036252558079633
-0,0384804216751824
-0,040688534279764
-0,0428759390606582
-0,045041970948882
-0,0471853647693464
-0,0493048664176013
-0,0513992451426947
-0,0534672935471722
-0,0555078275870778
-0,0575196865719524
-0,0595017331648357
-0,0614528533822651
-0,0633719565942758
-0,065257975524401
-0,0671098662496718
-0,0689266082006171
-0,070707204161264
-0,0724506802691367
-0,0741560860152581
-0,075822494244149
-0,0774490011538276
-0,0790347262958104
-0,0805788125751117
-0,0820804262502436
-0,0835387569332162
-0,0849530175895378
-0,0863224445382137
-0,087646297451748
-0,0889238593561424
-0,0901544366308965
-0,0913373590090077
-0,0924719795769716
-0,0935576747747813
-0,0945938443959282
-0,0955799115874012
-0,0965153228496874
-0,097399564368511
-0,0982323245925047
-0,0990131313592033
-0,099741474940562
-0,100416879616835
-0,101038903676574
-0,101607139416629
-0,10212121314215
-0,102580785166585
-0,102985549811678
-0,103335235407474
-0,103629604292317
-0,103868452812845
-0,104051611324001
-0,10417894418902
-0,10425034977944
-0,104265760475094
-0,104225142664117
-0,10412849674294
-0,103975857116292
-0,103767292197201
-0,103502904406996
-0,1031828301753
-0,102807239940037
-0,10237633814743
-0,101890363251998
-0,10134958771656
-0,100754318012234
-0,100104894618435
-0,0994016920228765
-0,0986451187215717
-0,0978356172188314
-0,0969736640272646
-0,0960597696677789
-0,0950944043025384
-0,0940778478272997
-0,0930106096497518
-0,0918932455505248
-0,0907263358171926
-0,0895104852442724
-0,0882463231332261
-0,0869345032924584
-0,085575704037318
-0,0841706281900973
-0,0827200030800323
-0,081224580543303
-0,0796851369230327
-0,0781024730692884
-0,0764774143390816
-0,0748108105963667
-0,0731035362120418
-0,0713564900639492
-0,0695705955368744
-0,0677468005225471
-0,0658860774196401
-0,0639894231337702
-0,0620578590774985
-0,0600924311703289
-0,0580942098387094
-0,0560642900160316
-0,0540037911426309
-0,0519138571657865
-0,0497956565397209
-0,0476503822256005
-0,045479251691536
-0,0432834300499028
-0,0410637267470957
-0,0388213263391966
-0,0365574876253907
-0,0342734715068971
-0,0319705409869683
-0,0296499611708909
-0,0273129992659848
-0,0249609245816047
-0,0225950085291382
-0,0202165246220067
-0,0178267484756658
-0,0154269578076046
-0,013018432437346
-0,0106024542864468
-0,00818030737849702
-0,00575327783912186
-0,00332265389597895
-0,000889725878760149
0,00154421378080892
0,00397787054896882
0,00640994778992637
0,00883914676585456
0,0112641666368931
0,0136837044611466
0,0160964551946871
0,0185011116915526
0,0208963647037471
0,023280902881241
0,0256534127719709
0,0280125788218395
0,0303570833747158
0,0326856066724355
0,0349968268547991
0,0372894473733963
0,0395626352818483
0,0418152551954501
0,0440460103338213
0,0462536264051421
0,0484368516061531
0,0505944566221558
0,052725234627011
0,054828001283141
0,0569015947415283
0,0589448756417156
0,0609567271118064
0,0629360547684645
0,0648817867169139
0,0667928735509397
0,0686682883528864
0,0705070266936599
0,0723081066327261
0,0740705687181115
0,0757934759864031
0,0774759139627481
0,0791169906608545
0,0807158365829904
0,0822716047199848
0,0837834705512264
0,0852506320446649
0,0866723096568105
0,0880477463327336
0,0893762075060652
0,0906569810989966
0,0918893775222798
0,0930727296752272
0,094206407177951
0,0952898561402663
0,0963224608538595
0,0973036236730674
0,0982327797534257
0,099109397051669
0,0999329763257311
0,100703051134745
0,101419187839041
0,10208098560015
0,102688076380802
0,103240124944926
0,103736828857648
0,104177918485295
0,104563156995392
0,104892340356663
0,105165297339033
0,105381889513622
0,105542011252751
0,105645589729942
0,105692584919913
0,105682989598582
0,105616829343066
0,10549416253168
0,105315080343941
0,10507970676056
0,104788198424114
0,104440680909029
0,104037294114309
0,103578247706363
0,103063781035679
0,102494163136817
0,101869692728418
0,101190698213195
0,100457537677939
0,0996705988935153
0,0988302993148675
0,0979370860810135
0,0969914360150476
0,09599385562414
0,0949448810995371
0,0938450783165608
0,0926950428346098
0,091495399897158
0,0902468044317557
0,088949941050029
0,08760552404768
0,0862142974044869
0,0847770347843037
0,0832945395350602
0,081767644688763
0,0801972121246665
0,0785840037253264
0,0769288334691503
0,0752326224128931
0,0734963074596271
0,071720841358742
0,0699071927059451
0,0680563459432616
0,0661693013590336
0,064247075087921
0,0622906991109011
0,0603012212552687
0,0582797051946362
0,0562272304489333
0,0541448923844074
0,0520338022136229
0,049895086995463
0,047729889635127
0,0455393688841322
0,0433246993403136
0,0410870714478233
0,0388276914971312
0,0365477816250247
0,034248579814608
0,0319313398953044
0,0295973315428533
0,0272478402793118
0,0248841674730549
0,0225076303387749
0,0201195619374814
0,017721311176502
0,0153141784759475
0,0128991197430456
0,0104774332128854
0,00805048590277858
0,00561963723941868
0,00318623905888152
0,000751635606624959
-0,00168283646251102
-0,00411584808430432
-0,00654607778515118
-0,00897221168206444
-0,0113929434826761
-0,0138069744852357
-0,0162130135786105
-0,0186097772422859
-0,020995989546365
-0,0233703821515688
-0,0257316943092368
-0,0280786728613248
-0,0304100722404081
-0,0327246544696793
-0,0350211891629489
-0,0372984535246452
-0,0395552323498147
-0,0417903180241214
-0,0440025105238479
-0,0461906174158933
-0,048353453857776
-0,0504898425976316
-0,0525986139742138
-0,0546786092652579
-0,0567289868034882
-0,0587487729585707
-0,0607367995759728
-0,0626919264590671
-0,0646130413691294
-0,0664990600253413
-0,0683489261047888
-0,0701616112424622
-0,0719361150312565
-0,0736714650219714
-0,0753667167233111
-0,0770209536018847
-0,0786332870822049
-0,08020285654669
-0,0817288293356626
-0,0832104007473499
-0,0846467940378836
-0,0860372604213001
-0,0873810790695402
-0,0886775571124497
-0,0899260296377783
-0,091125859691181
-0,092276438276217
-0,0933771843543501
-0,094427544844949
-0,0954269946252866
-0,0963750365305406
-0,0972712013537932
-0,0981150478460315
-0,0989061627161466
-0,0996441606309346
-0,100328684215096
-0,100959404051237
-0,10153608120075
-0,102058477789132
-0,102526275570225
-0,102939189439409
-0,103296967924357
-0,103599393185036
-0,103846281013707
-0,104037480834927
-0,104172875705545
-0,104252382314706
-0,104275950983847
-0,1042435656667
-0,104155243949293
-0,104011037049946
-0,103811029819273
-0,103555340740184
-0,103244121927883
-0,102877559129865
-0,102455871725923
-0,101979312728143
-0,101448168780904
-0,100862760160881
-0,100223440777041
-0,0995305981706466
-0,0987846535152548
-0,0979860616167161
-0,0971353109131752
-0,0962329234750713
-0,0952794550051372
-0,0942754948384007
-0,0932216659421831
-0,0921186249161002
-0,0909670619920616
-0,0897677010342715
-0,0885211622662493
-0,0872278664541272
-0,0858885352371765
-0,0845039228660272
-0,0830748025864245
-0,0816019666392296
-0,0800862262604196
-0,0785284116810876
-0,0769293721274422
-0,0752899758208083
-0,0736111099776264
-0,0718936808094525
-0,0701386135229595
-0,0683468523199351
-0,0665193603972834
-0,064657119947024
-0,0627611321562928
-0,0608324172073411
-0,0588720142775364
-0,0568809815393614
-0,0548603961604161
-0,0528113543034148
-0,0507349711261885
-0,0486323807816837
-0,046504736417963
-0,0443532101782047
-0,0421789932007028
-0,0399832956188672
-0,0377673465612245
-0,0355323941514161
-0,0332797055081995
-0,0310105667454482
-0,0287262829721515
-0,0264281782924146
-0,0241175958054585
-0,0217958839624664
-0,0194637812226963
-0,0171223066264302
-0,014772817006855
-0,0124166606527574
-0,010055177308523
-0,00768969817413679
-0,005321545905183
-0,00295203461284502
-0,000582469863905092
0,00178585131925409
0,00415164045865188
0,00651361762070793
0,00887051141624274
0,0112210590004775
0,0135640060730344
0,015898106877936
0,0182221242036064
0,0205348293828692
0,0228350022929499
0,0251214313554743
0,0273929135364692
0,029648254346362
0,031886267839981
0,0341057766165552
0,0363056118197143
0,0384846131374894
0,040641628802311
0,0427755155910116
0,0448851388248241
0,0469693723693822
0,0490270986347203
0,0510572085752737
0,0530586016898784
0,0550301860217715
0,0569708781585899
0,0588796032323723
0,0607552949195578
0,0625972833760283
0,0644049533604364
0,0661772485210148
0,0679131421373175
0,0696116378341669
0,0712717695816524
0,0728926016951318
0,0744732288352309
0,076012776007843
0,0775103985641294
0,0789652822005193
0,0803766429587097
0,0817437272256655
0,0830658117336196
0,0843422035600721
0,0855722401277917
0,0867552892048147
0,0878907489044452
0,0889780476852552
0,0900166443510846
0,091006028051041
0,0919457182795003
0,0928352648761054
0,0936742480257679
0,0944622782586669
0,0951989964502493
0,0958840738212301
0,0965172119375918
0,0970981427105851
0,0976266283967285
0,098102461597808
0,0985254652608779
0,0988954926782601
0,0992124274875445
0,0994761836715888
0,0996867055585185
0,099843967821727
0,0999479990210507
0,0999987988256383
0,0999963290113244
0,0999405816918572
0,0998315794779932
0,0996693754774972
0,0994540532951419
0,0991857270327084
0,0988645412889861
0,0984906711597721
0,0980643222378723
0,0975857306131005
0,0970551628722786
0,0964729160992369
0,0958393178748136
0,0951547262768555
0,0944195298802172
0,0936341477567616
0,09279902947536
0,0919146551018918
0,0909815351992443
0,0900002108273133
0,0889712535430027
0,0878952654002246
0,0867728789498993
0,085604757239955
0,0843915938153288
0,0831341127179653
0,0818330684868176
0,0804892461578469
0,0791034612640226
0,0776765598353223
0,0762094183987318
0,0747029439782451
0,0731580740948641
0,0715757767665998
0,0699570505084702
0,0683029243325023
0,0666144576888659
0,0648922163887297
0,0631367473086382
0,0613490779796379
0,059530243607435
0,0576812870724003
0,0558032589295639
0,0538972174086205
0,051964228413924
0,0500053655244922
0,0480217099940051
0,0460143507508022
0,043984384397888
0,0419329152129259
0,0398610551482443
0,0377699238308304
0,0356606485623366
0,0335343643190738
0,0313922137520175
0,029235347186805
0,0270649226237331
0,0248821057377637
0,0226880698785176
0,0204839960702807
0,0182710730119974
0,0160504970772768
0,0138234723143895
0,011591210446266
0,00935493087050174
0,00711586065935099
0,00487523455973308
0,00263429499322607
0,000394292056073192
-0,00184351648082358
-0,00407786517189801
-0,00630748089692187
-0,00853108286100741
-0,0107473825946018
-0,0129551053446555
-0,0151537282663602
-0,0173423425927449
-0,0195196646365905
-0,0216844306207713
-0,0238353966782492
-0,0259713388520761
-0,028091053095396
-0,0301933552714401
-0,0322770811535324
-0,0343410864250841
-0,0363842466795991
-0,0384054574206693
-0,0404036340619765
-0,0423777119272945
-0,0443266462504846
-0,0462494121755004
-0,0481450047563832
-0,0500124389572668
-0,0518507496523721
-0,053658991626013
-0,0554362395725912
-0,0571815880965985
-0,0588941517126184
-0,060573064845322
-0,062217481829473
-0,0638265769099225
-0,0653995442416139
-0,0669355978895783
-0,0684339718289392
-0,0698939199449083
-0,0713147160327872
-0,0726956537979693
-0,0740360468559358
-0,0753352287322597
-0,0765925528626025
-0,077807392592717
-0,078979141178445
-0,0801072117857183
-0,0811910374905598
-0,0822301852788851
-0,0832244935866988
-0,0841734251965818
-0,0850764386376465
-0,0859330241133703
-0,0867427035015976
-0,0875050303545378
-0,0882195898987665
-0,0888859990352258
-0,0895039063392228
-0,0900729920604316
-0,0905929681228913
-0,0910635781250077
-0,0914845973395518
-0,0918558327136614
-0,0921771228688396
-0,0924483381009555
-0,0926693803802445
-0,0928401833513077
-0,0929607123331122
-0,0930309643189909
-0,093050967976643
-0,0930207836481332
-0,0929405033498926
-0,0928102507727179
-0,0926301812817719
-0,0924004819165833
-0,0921213713910468
-0,0917931000934229
-0,0914159500863384
-0,0909902351067855
-0,0905163005661228
-0,0899945235500749
-0,0894253128187317
-0,08880910880655
-0,0881463836223516
-0,0874376410493251
-0,0866834165450242
-0,0858842772413691
-0,0850407114036959
-0,084152855915409
-0,0832212131235232
-0,0822463486624399
-0,0812288467343462
-0,0801693101092124
-0,0790683601247946
-0,0779266366866317
-0,0767447982680482
-0,0755235219101532
-0,0742635032218387
-0,0729654563797831
-0,0716301141284473
-0,0702582277800783
-0,068850567214706
-0,0674079208801463
-0,0659310957919976
-0,0644209175336445
-0,0628782302562556
-0,0613038966787826
-0,0596987980879638
-0,0580638343383196
-0,056399923852157
-0,0547080036195653
-0,0529890291984197
-0,0512439747143802
-0,0494738328608891
-0,0476796148991756
-0,0458623506582509
-0,0440230885349132
-0,0421628954937424
-0,0402828570671055
-0,0383840773551512
-0,0364676790258148
-0,0345348033148158
-0,0325866100256561
-0,030624277529625
-0,0286490027657931
-0,0266616871448701
-0,0246627682214523
-0,0226534017522863
-0,0206347713431047
-0,0186080530714371
-0,0165744154866076
-0,0145350196097336
-0,0124910189337298
-0,0104435594233032
-0,00839377951495837
-0,00634281011699197
-0,00429177460949771
-0,00224178884436416
-0,000193961145272623
0,00185060769229782
0,00389082440107612
0,00592560324199343
0,00795386600418892
0,00997454200500399
0,011986568089988
0,0139888886328933
0,0159804555356775
0,0179602282285051
0,0199271736697432
0,0218802663459668
0,0238184882719531
0,0257408289906872
0,0276462855733567
0,0295338626193568
0,0314025722562862
0,0332514341399482
0,0350794754543536
0,0368857309117155
0,0386692427524548
0,0404290607451949
0,0421642421867669
0,043873851902205
0,0455569622447487
0,0472126530958444
0,0488400118651411
0,0504384153877293
0,0520075075299843
0,0535464077047094
0,0550542474922914
0,0565301851969726
0,0579734058468471
0,0593831211938624
0,0607585697138208
0,0620990166063763
0,0634037537950378
0,0646720999271661
0,0659034003739769
0,0670970272305377
0,0682523793157709
0,0693688821724513
0,0704459880672069
0,0714831759905202
0,0724799516567259
0,0734358475040131
0,0743504226944231
0,075223263113852
0,0760539813720482
0,0768422168026135
0,0775876354630039
0,0782899301345279
0,0789488203223482
0,0795640522554799
0,0801353988867926
0,0806626598930082
0,0811456616747028
0,0815842573563056
0,0819783267860988
0,0823277765362188
0,0826325399026545
0,0828925769052489
0,0831078742876979
0,0832784455175511
0,0834043311855607
0,0834855826313022
0,083522207479449
0,0835142246191366
0,0834616778555405
0,0833646359098759
0,0832231924193977
0,0830374659374007
0,0828075999332193
0,0825337627922279
0,0822161478158406
0,0818549732215111
0,0814504821427331
0,0810029426290398
0,0805126476460046
0,0799799150752402
0,0794050877143995
0,0787885332771746
0,0781306443932979
0,0774318386085418
0,0766925583847174
0,075913271099677
0,0750944690473111
0,0742366694375516
0,0733404143963686
0,0724062709657735
0,0714348311038159
0,0704267116845865
0,0693825544982155
0,0683030262508719
0,0671888185647661
0,0660406479781463
0,0648592559453026
0,063645408836563
0,0623998979382963
0,0611235394529115
0,0598171744988557
0,0584816691106179
0,0571179142387247
0,0557268257497445
0,0543093444262836
0,0528659104690135
0,0513969211038676
0,0499032765539166
0,0483858805740455
0,0468456404505943
0,0452834670013615
0,0437002745755998
0,0420969810540206
0,0404745078487894
0,0388337799035303
0,0371757256933217
0,0355012772247
0,0338113700356582
0,0321069431956436
0,0303889393055627
0,0286583044977758
0,0269159884361019
0,0251629443158142
0,0234001288636441
0,0216285023377793
0,0198490285278622
0,018062674754994
0,0162704118717298
0,0144732142620837
0,0126720598415236
0,0108679300569764
0,00906180988682295
0,00725468784090225
0,00544755596050978
0,00364140981839556
0,00183724851876854
3,60746972914994E-05
-0,00176110547891377
-0,00355328231127165
-0,00533944256974754
-0,00711856949285299
-0,00888964278764123
-0,0106516386297091
-0,0124037991758298
-0,0141457856005564
-0,0158766079476253
-0,0175952593925693
-0,019300751628648
-0,0209921148668435
-0,0226683978358625
-0,0243286677821375
-0,0259720104698232
-0,0275975301808011
-0,0292043497146746
-0,0307916103887738
-0,032358472038151
-0,0339041130155849
-0,0354277301915772
-0,0369285389543537
-0,0384057732098664
-0,0398586853817894
-0,0412865464115233
-0,042688645758191
-0,044064291398642
-0,0454128098274478
-0,0467335460569066
-0,0480258636170392
-0,0492891445555911
-0,0505227894380332
-0,0517262173475593
-0,0528988658850892
-0,0540401911692653
-0,0551496678364561
-0,0562267890407531
-0,0572710664539725
-0,0582820302656558
-0,0592592291830674
-0,0602022304311975
-0,0611106197527593
-0,0619840014081917
-0,0628219981756568
-0,0636242513510422
-0,0643904207479588
-0,0651203046002488
-0,065813724583283
-0,0664703311800204
-0,0670897984489813
-0,0676718252599
-0,0682161352937272
-0,0687224770426279
-0,0691906238099829
-0,0696203737103878
-0,0700115496696536
-0,0703639994248065
-0,0706775955240879
-0,0709522353269545
-0,0711878410040779
-0,0713843595373453
-0,0715417627198589
-0,0716600471559359
-0,0717392342611091
-0,0717793702621264
-0,0717805261969507
-0,0717427979147603
-0,0716663060759486
-0,0715511961521244
-0,0713976384261115
-0,0712058279919489
-0,070975984754891
-0,0707083534314071
-0,0704032035491822
-0,0700608294471159
-0,0696815502753235
-0,0692657099951352
-0,0688136773790966
-0,0683258460109683
-0,0678026342857263
-0,0672444854095619
-0,0666518673998812
-0,066025273085306
-0,0653652201056727
-0,0646722509120337
-0,0639467637797558
-0,0631888568196542
-0,0623990265052681
-0,0615778041574001
-0,0607257326476781
-0,0598433663985528
-0,0589312713833003
-0,0579900251260192
-0,0570202167016337
-0,0560224467358905
-0,0549973274053616
-0,0539454824374429
-0,0528675471103533
-0,0517641682531371
-0,0506360042456614
-0,0494837250186185
-0,0483080120535235
-0,0471095583827171
-0,0458890685893622
-0,0446472588074471
-0,0433848567217844
-0,042102601568009
-0,0408012441325819
-0,0394815467527862
-0,038144283316731
-0,0367902392633475
-0,0354202115823923
-0,0340350088144463
-0,0326354510509126
-0,0312223699340206
-0,0297966086568217
-0,0283590219631932
-0,0269104761478347
-0,0254518490562715
-0,0239840300848512
-0,022507920180747
-0,0210244318419558
-0,019534081156506
-0,0180373539114811
-0,0165351643972839
-0,0150284185281759
-0,0135180137045938
-0,0120048388131541
-0,0104897742266485
-0,00897369180404755
-0,00745745489049965
-0,00594191831732877
-0,00442792840203857
-0,00291632294830801
-0,00140793124599563
9,64259288646907E-05
0,00159593631406003
0,00308979616120002
0,00457721023571844
0,00605739181686946
0,00752956269773194
0,00899295318520518
0,0104468021000131
0,0118903567767001
0,0133228730636352
0,0147436153230084
0,0161518564308324
0,0175468777769436
0,0189279692649993
0,0202944293124812
0,0216455648506916
0,0229806913247573
0,0242991326936256
0,0256002214300684
0,0268832985206786
0,0281477134658719
0,0293928242798877
0,030617997490786
0,0318226081404516
0,0330060397845896
0,0341676844927297
0,0353069428482227
0,036423416025263
0,0375168204634796
0,0385865721033415
0,0396321029892922
0,0406528657083505
0,0416483333901135
0,0426179997067535
0,0435613788730206
0,044478005646241
0,0453674353263173
0,0462292437557299
0,0470630273195345
0,0478684029453648
0,04864500810343
0,0493925008065171
0,0501105596099887
0,0507988836117851
0,0514571924524226
0,0520852263149942
0,0526827459251702
0,0532495325511968
0,0537853880038976
0,0542901346366721
0,0547636153454975
0,0552056935689267
0,0556162532880897
0,0559951990266935
0,0563424558510212
0,0566579693699331
0,0569417057348657
0,0571936516398326
0,0574138143214239
0,0576022215588065
0,0577589216737239
0,0578839835304961
0,0579774965360201
0,0580395703146428
0,0580702583745533
0,0580696002324291
0,0580376884129701
0,0579746317962467
0,0578805556176988
0,057755601468137
0,0575999272937419
0,0574137073960641
0,0571971324320244
0,0569504094139137
0,0566737617093933
0,0563674290414943
0,056031667488618
0,0556667494845363
0,0552729638183905
0,0548506156346927
0,0544000264333245
0,0539215340695384
0,0534154927539563
0,0528822730525709
0,0523222618867444
0,0517358625332096
0,0511234946240695
0,0504855941467967
0,0498226134442347
0,0491350212145962
0,0484233025114651
0,0476879587437945
0,0469295076759085
0,0461484834275004
0,0453454364736343
0,0445209336447447
0,0436755581266351
0,0428099094604806
0,0419246035428251
0,0410202726255837
0,0400975653160408
0,0391571465768514
0,0381996977260411
0,0372258904803655
0,0362358728081189
0,0352300915821257
0,0342092096333934
0,0331738895620093
0,032124793737143
0,0310625842970438
0,0299879231490434
0,0289014719695543
0,0278038922040691
0,0266958450671629
0,0255779915424906
0,0244509923827895
0,0233155081098764
0,0221721990146509
0,0210217251570921
0,0198647463662613
0,018701922240301
0,0175339121464334
0,0163613752209635
0,0151849703692759
0,0140053562658377
0,0128231913541955
0,0116391338469783
0,0104538417258961
0,00926797274173886
0,00808218441437919
0,00689713403276912
0,00571347865494348
0,0045318751080165
0,00335297998818514
0,00217744966072583
0,00100594025999728
-0,000160892310560656
-0,00132239237842832
-0,00247790450200332
-0,00362677347060379
-0,00476834430446518
-0,00590206262170008
-0,00702773703872469
-0,00814476487803062
-0,00925249723931067
-0,0103502994616442
-0,0114375511234981
-0,0125136460427244
-0,0135779922765631
-0,0146300121216391
-0,0156691421139653
-0,0166948330289402
-0,0177065498813487
-0,018703771925363
-0,0196859926545408
-0,0206527198018276
-0,0216034753395538
-0,0225377954794378
-0,0234552306725833
-0,0243553456094816
-0,0252377192200097
-0,026101944673431
-0,0269476293783964
-0,027774394982942
-0,0285818773744916
-0,0293697266798545
-0,0301376072652275
-0,0308851977361928
-0,0316121909377201
-0,0323182939541651
-0,0330032281092697
-0,0336667289661631
-0,0343085463273603
-0,0349284442347634
-0,0355262009696602
-0,036101609052726
-0,0366544752440219
-0,0371846205429954
-0,0376918801884813
-0,0381761036586999
-0,0386371573155723
-0,0390749416999137
-0,0394893096421282
-0,0398801119858288
-0,0402472151675299
-0,0405905012166461
-0,0409098677554928
-0,0412052279992866
-0,041476510756144
-0,0417236604270833
-0,0419466370060225
-0,0421454160797811
-0,0423199888280789
-0,0424703620235368
-0,042596558031676
-0,0426986148109188
-0,0427765859125881
-0,0428305404809074
-0,0428605632530013
-0,0428667545588949
-0,0428492303215139
-0,0428081220566851
-0,0427435768731357
-0,0426557574724938
-0,0425448421492883
-0,0424110247909487
-0,0422545148778054
-0,0420755374830893
-0,0418743332729322
-0,0416511585063666
-0,0414062850353259
-0,041140000304644
-0,0408526073520555
-0,0405444248081961
-0,0402157868966018
-0,0398670434337098
-0,0394985598288576
-0,0391107170842837
-0,0387039117951271
-0,0382783524484702
-0,0378341363751464
-0,0373716383842692
-0,0368912406065326
-0,0363933301560679
-0,0358782991304451
-0,0353465446106713
-0,0347984686611923
-0,0342344783298916
-0,0336549856480903
-0,0330604076305481
-0,0324511662754617
-0,031827688564467
-0,0311904064626364
-0,0305397569184816
-0,0298761818639512
-0,0292001282144323
-0,0285120478687502
-0,0278123977091671
-0,0271016396013843
-0,0263802403945401
-0,0256486719212117
-0,0249074109974132
-0,0241569394225977
-0,0233977439796551
-0,0226303164349141
-0,0218551535381415
-0,0210727570225409
-0,0202836336047553
-0,0194882949848642
-0,0186872578463865
-0,0178810438562775
-0,0170701796649318
-0,0162551969061814
-0,0154366321972958
-0,0146150177665862
-0,0137905629449898
-0,012963648951591
-0,0121348202912336
-0,0113046140315467
-0,0104735598029425
-0,00964217979861858
-0,00881098877455661
-0,0079804940495218
-0,00715119550506482
-0,00632358558551947
-0,00549814929800502
-0,00467536421242387
-0,00385570046146392
-0,00303962074059616
-0,00222758030807679
-0,00142002698494632
-0,000617401155028665
0,000179864235066772
0,000971343675947454
0,00175661909543538
0,00253527985856939
0,00330692276760318
0,00407115206200613
0,00482757941846415
0,00557582395087777
0,00631551221036426
0,00704627818525555
0,0077677633011003
0,00847961642066184
0,00918149384392022
0,00987305930807041
0,0105539839875231
0,0112239464939054
0,0118826328760592
0,0125297366200429
0,0131649586491297
0,0137880073238097
0,0143985984417873
0,0149964552379839
0,0155813699448408
0,0161531655132802
0,0167115698478656
0,0172563218276989
0,0177871726211049
0,0183038856856299
0,0188062367680434
0,0192940139043361
0,0197670174197214
0,0202250599286351
0,0206679663347349
0,0210955738309009
0,0215077318992353
0,0219043023110627
0,0222851591269297
0,0226501886966054
0,0229992896590808
0,0233323729425693
0,0236493617645066
0,0239501916315504
0,0242348103395809
0,0245031779737003
0,0247552669082331
0,024991061806726
0,0252105596219481
0,0254137695958904
0,0256007132597662
0,0257714244340114
0,0259259492282837
0,0260643460414631
0,026186685561652
0,0262930507661748
0,0263835369215784
0,0264582515836315
0,0265173066204634
0,0265607197574859
0,0265885647782989
0,0266009516151482
0,026597997847596
0,026579828702521
0,0265465770541186
0,0264983834239005
0,0264353959806949
0,0263577705406466
0,0262656705672169
0,0261592671711835
0,0260387391106407
0,0259042727909992
0,0257560622649863
0,0255943092326457
0,0254192230413377
0,0252310206857392
0,0250299268078431
0,0248161736969596
0,0245900012897146
0,024351657170051
0,024101396569228
0,0238394823658214
0,0235661850857236
0,023281782902143
0,0229865616356053
0,0226808147539518
0,0223648433723412
0,0220389562532478
0,0217034698064633
0,021358708089095
0,0210050028055675
0,0206426933076216
0,0202721265943142
0,0198936573120194
0,0195076477544272
0,0191144678625446
0,0187144952246946
0,018307894472561
0,0178947956565532
0,0174755573444599
0,0170505357185987
0,0166200844680884
0,0161845547888501
0,0157442953836058
0,0152996524618799
0,0148509697399977
0,0143985884410866
0,0139428472950757
0,0134840825386953
0,0130226279154779
0,012558814675757
0,0120929715766685
0,0116254248821492
0,0111564983629381
0,0106865132965755
0,0102157884674034
0,00974464016656581
0,00927338219200772
0,00880232584847643
0,00833177994752025
0,00786205080748978
0,00739344225353659
0,00692625561761441
0,0064607897384786
0,00599734096168566
0,0055362031395944
0,00507766763136461
0,00462202330295837
0,00416955652713878
0,00372055118347118
0,00327528865832195
0,00283404784485957
0,002397031479673
0,00196433578476928
0,00153623797444259
0,0011130159612188
0,000694938844309776
0,000282266909612135
-0,000124748370291522
-0,00052586433613381
-0,000920847141961533
-0,00130947175513613
-0,00169152195633407
-0,00206679033954593
-0,0024350783120774
-0,00279619609454832
-0,00314996272089364
-0,00349620603836256
-0,00383476270751891
-0,00416547820224153
-0,00448820680972337
-0,00480281163047251
-0,00510916457831117
-0,00540714638037665
-0,00569664657712046
-0,00597756352230914
-0,00624980438302353
-0,00651328513965913
-0,00676793058592635
-0,00701367432884984
-0,00725045878876924
-0,00747823519933846
-0,00769696360752638
-0,0079066128736162
-0,00810716067120601
-0,00829859348720834
-0,00848090662185035
-0,008654104188674
-0,00881819911453563
-0,00897321313960647
-0,00911913950804234
-0,00925592064467103
-0,00938356717372695
-0,00950209882033122
-0,0096115421103596
-0,00971193037044223
-0,00980330372796391
-0,00988570911106382
-0,0099592002486358
-0,0100238376703281
-0,0100796887065435
-0,0101268274884395
-0,0101653349479278
-0,0101952988176748
-0,0102168136311015
-0,0102299807223833
-0,0102349082264501
-0,0102317110789864
-0,0102205110164313
-0,0102014365759782
-0,0101746230955751
-0,0101402127139247
-0,0100983543704841
-0,0100492038054647
-0,00999292355983289
-0,0099296829753092
-0,0098596581943688
-0,00978303216024142
-0,0096999946169113
-0,00961074210911714
-0,00951547798235228
-0,00941441238286442
-0,00930776225765597
-0,00919575135448368
-0,00907854982625307
-0,00895621796899347
-0,0088289646231027
-0,00869700801108776
-0,0085605663812035
-0,0084198580074529
-0,00827510118958673
-0,00812651425310392
-0,00797431554925116
-0,00781872345502334
-0,00765995637316308
-0,00749823273216113
-0,00733377098625623
-0,0071667896154349
-0,00699750712543186
-0,00682614204772957
-0,00665291293955869
-0,00647803838389762
-0,00630173698947289
-0,00612422739075901
-0,00594572824797828
-0,00576645824710119
-0,00558663609984598
-0,0054064805436791
-0,00522621034181469
-0,00504604428321514
-0,00486620118259056
-0,00468689988039918
-0,00450835924284724
-0,00433079816188873
-0,00415443555522587
-0,00397949036630861
-0,0038061684367674
-0,00363454723703827
-0,00346480928065496
-0,00329717101004151
-0,00313184282011813
-0,0029690290583011
-0,00280892802450253
-0,00265173197113082
-0,00249762710309016
-0,00234679357778101
-0,00219940550509964
-0,00205563094743851
-0,00191563191968613
-0,00177956438922687
-0,00164757827594134
-0,00151981745220602
-0,00139641974289356
-0,00127751692537251
-0,00116323472950761
-0,00105369283765945
-0,000949004884684815
-0,000849278457936489
-0,000754615097263194
-0,000665110295009827
-0,000580853496017186
-0,000501928097622227
-0,000428411449657825
-0,000360374854452999
-0,000297883566832699
-0,000240996794117987
-0,000189767696125948
-0,00014424338516965
-0,000104464926058264
-7,04673360969344E-05
-4,22782324078979E-05
-1,99164434292273E-05
-3,41240641966737E-06
7,20751427302769E-06
1,19239379959265E-05
1,07244677908992E-05
3,60369039463081E-06
-9,43682376137499E-06
-2,83885205508164E-05
-5,32358621525565E-05
-8,3956327050677E-05
-0,000120520410034421
-0,000162891622198213
-0,000211026490941707
-0,000264874559969685
-0,000324378389292186
-0,000389473555224356
-0,000460088650386619
-0,000536145283704487
-0,000617558080408767
-0,000704234682035371
-0,000796075746425392
-0,00089297494772521
-0,000994818976386256
-0,00110148753916529
-0,00121285335912412
-0,00132878217562988
-0,00144913274435479
-0,00157375683727624
-0,00170249924267694
-0,00183519776514462
-0,00197169884087324
-0,0021119194000686
-0,00225570830104581
-0,00240289894487522
-0,00255332197572574
-0,00270680528086453
-0,00286317399065709
-0,00302225047856746
-0,00318385436115785
-0,00334780249808904
-0,00351390899211996
-0,00368198518910815
-0,00385183967800928
-0,00402327829087763
-0,00419610410286566
-0,00437011743222422
-0,0045451158403027
-0,00472089413154861
-0,0048972443535081
-0,00507395579682542
-0,00525081499524345
-0,00542760572560326
-0,00560410900784426
-0,00578010310500446
-0,00595536352321997
-0,00612966301172551
-0,00630277156285393
-0,00647445641203672
-0,00664448203780347
-0,00681261016178238
-0,00697859974869986
-0,0071422545028136
-0,00730345557576982
-0,00746196873604521
-0,00761755688895748
-0,00776998676091366
-0,00791902889941065
-0,0080644576730347
-0,00820605127146188
-0,00834359170545769
-0,00847686480687725
-0,00860566022866542
-0,00872977144485645
-0,00884899575057439
-0,00896313426203271
-0,00907199191653463
-0,00917537747247286
-0,00927310350932972
-0,00936498642767722
-0,00945084644917683
-0,00953050761657976
-0,00960379779372669
-0,00967054866554801
-0,0097305957380636
-0,00978377833838304
-0,00982993961470543
-0,0098689265363195
-0,00990058989360359
-0,00992478429802562
-0,00994136818214311
-0,00995020379960318
-0,00995115722514256
-0,00994409835458755
-0,00992890632408842
-0,00990555984690574
-0,00987397149164055
-0,00983402093387025
-0,00978559623334961
-0,00972859383401066
-0,00966291856396279
-0,00958848363549266
-0,00950521064506429
-0,009413029573319
-0,00931187878507537
-0,0092017050293294
-0,00908246343925427
-0,00895411753220062
-0,00881663920969625
-0,00867000875744644
-0,00851421484533358
-0,00834925452741756
-0,00817513324193556
-0,00799186481130191
-0,0077994714421085
-0,00759798372512425
-0,00738744063529571
-0,00716788953174641
-0,00693938615777753
-0,00670199464086723
-0,00645578749267123
-0,00620084560902258
-0,00593725826993135
-0,00566512313958532
-0,00538454626634919
-0,00509564208276536
-0,00479853340555314
-0,00449335143560948
-0,00418022726628316
-0,00385927524266771
-0,00353062631475621
-0,00319441899480023
-0,00285079852432832
-0,00249991687414496
-0,00214193274433156
-0,00177701156424551
-0,00140532549252101
-0,0010270534170687
-0,000642380955075283
-0,000251500453004454
0,000145389013404207
0,000548081639134107
0,000956364889892778
0,00137001950211072
0,00178881948294259
0,00221253211026612
0,00264091793268263
0,00307373076951742
0,00351071771081875
0,00395161911735904
0,00439616862063363
0,00484409312286207
0,00529511279698696
0,00574894108667446
0,00620528470631478
0,00666384364102101
0,00712431114663046
0,00758637374970334
0,00804971124752406
0,00851399670809993
0,00897889647016246
0,00944407014316624
0,0099091706072894
0,0103739178376809
0,0108381484230021
0,0113015303389922
0,0117637239342434
0,0122243907920748
0,0126831937305312
0,0131397968023844
0,0135938652951324
0,0140450657309993
0,0144930658669362
0,0149375346946201
0,0153781424404547
0,0158145605655699
0,0162464617658222
0,0166735199717943
0,0170954103487953
0,017511809296861
0,0179223944507532
0,0183268446799606
0,0187248400886977
0,0191160620159059
0,0195001930352526
0,019876916955132
0,0202459188186646
0,0206068849036968
0,0209595027228023
0,0213034610232803
0,0216384497871572
0,0219641602311851
0,0222802848068431
0,0225865172003362
0,0228825523325962
0,023168086359281
0,0234428166707751
0,0237064418921893
0,0239586618840667
0,0241993504630054
0,0244283807336283
0,0246454619211753
0,0248503131369741
0,0250426633784403
0,0252222515290774
0,0253888263584766
0,0255421465223174
0,0256819805623668
0,02580810690648
0,0259203138685998
0,026018399648757
0,0261021723330705
0,0261714498937467
0,0262260601890803
0,0262658409634536
0,0262906398473368
0,0263003143572883
0,0262947318959539
0,0262737697520678
0,0262373151004517
0,0261852650020154
0,0261175264037565
0,0260340161387606
0,0259346609262011
0,0258193973713392
0,0256881719655242
0,0255409410861931
0,025377670996871
0,0251983378471708
0,0250029276727931
0,0247914363955267
0,0245638698232481
0,0243202436499217
0,0240605834555998
0,0237849247064228
0,0234933127546186
0,0231858152348323
0,0228625587645994
0,0225236051018655
0,0221690147586579
0,0217988595674848
0,0214132226813367
0,021012198573685
0,0205958930384833
0,020164423190166
0,0197179174636496
0,0192565156143321
0,0187803687180927
0,0182896391712928
0,0177845006907744
0,0172651383138621
0,0167317483983611
0,0161845386225588
0,0156237279852241
0,0150495468056069
0,0144622367234396
0,0138620506989349
0,0132492530127883
0,0126241192661759
0,0119869363807562
0,0113380025986682
0,0106776274825333
0,0100061319154545
0,00932384810101557
0,00863111956328269
0,00792830114680275
0,00721575901660513
0,00649387065819976
0,00576302487757915
0,0050236218012163
0,00427607287606657
0,00352080086956685
0,0027582398696348
0,00198881567062001
0,00121275605736143
0,000430432418218501
-0,000357722503141572
-0,00115127328620536
-0,001949781833614
-0,0027528073711641
-0,0035599064478057
-0,00437063293564461
-0,00518453802994005
-0,00600117024910701
-0,00682007543471391
-0,00764079675148493
-0,00846287468729797
-0,00928584705318553
-0,0101092489833356
-0,0109326129350894
-0,0117554686889444
-0,0125773433485509
-0,0133977613407153
-0,0142162444153975
-0,0150323116457129
-0,0158454794279308
-0,016655261481475
-0,0174611688489249
-0,0182627098960132
-0,0190593903116284
-0,0198507131078124
-0,0206361786197629
-0,0214152845058313
-0,0221875257475237
-0,0229523946495015
-0,0237093808395797
-0,0244579712687288
-0,025197650211073
-0,0259278992638921
-0,0266481973476194
-0,027358020705844
-0,0280568429053086
-0,0287441630617191
-0,0294198635837634
-0,0300835667423326
-0,0307347716615211
-0,0313729878605679
-0,0319977352538583
-0,0326085441509222
-0,0332049552564358
-0,0337865196702199
-0,034352798887241
-0,0349033647976113
-0,0354377996865879
-0,035955696234574
-0,0364566575171174
-0,0369402970049121
-0,0374062385637969
-0,0378541164547563
-0,0382835753339204
-0,0386942702525643
-0,0390858666571089
-0,0394580403891201
-0,0398104776853097
-0,0401428751775345
-0,0404549398927971
-0,0407463892532452
-0,041016951076172
-0,0412663635740162
-0,0414943753543619
-0,0417007454199386
-0,041885243168621
-0,0420476483934298
-0,0421877512825304
-0,0423053524192341
-0,0424002627819975
-0,0424723037444225
-0,0425213070752566
-0,0425471149383927
-0,0425495798928689
-0,0425285904833407
-0,0424842464761694
-0,042416462170402
-0,0423251084555497
-0,0422100725160254
-0,0420712578311445
-0,0419085841751242
-0,0417219876170842
-0,0415114205210457
-0,0412768515459328
-0,0410182656455711
-0,0407356640686887
-0,0404290643589157
-0,0400985003547841
-0,0397440221897286
-0,0393656962920853
-0,0389636053850931
-0,0385378484868923
-0,0380885409105262
-0,0376158142639394
-0,0371198164499791
-0,0366007116663946
-0,0360586804058371
-0,0354939194558602
-0,0349066418989192
-0,0342970771123721
-0,0336654707684785
-0,0330120848344003
-0,032337197572202
-0,0316411035388492
-0,0309241135862109
-0,0301865548610568
-0,0294287708050601
-0,0286511211547949
-0,0278539819417386
-0,0270377454922696
-0,0262028204276692
-0,025349631664121
-0,0244786204127095
-0,0235902441794229
-0,0226848694835216
-0,0217627551682258
-0,0208243427563224
-0,0198700863521583
-0,0189004483158376
-0,0179158992632236
-0,0169169180659383
-0,0159039918513612
-0,0148776160026316
-0,0138382941586459
-0,0127865382140603
-0,0117228683192882
-0,0106478128805026
-0,00956190855963475
-0,00846570027437352
-0,00735974119816769
-0,00624459276022296
-0,00512082464550514
-0,00398901479473689
-0,00284974940440098
-0,00170362292673705
-0,00055123806974447
0,00060679420281895
0,00176985467143811
0,00293731586083777
0,00410854203998588
0,00528288922209023
0,00645970516460179
0,00763832936921137
0,00881809308185296
0,00999831929270082
0,0111783227361707
0,0123574098909212
0,0135348789798506
0,0147100199701006
0,0158821145730524
0,0170504362443308
0,0182142501838005
0,0193728133355679
0,0205255598982317
0,0216722413294791
0,0228121630733691
0,0239446126304316
0,0250688857281224
0,0261842863208206
0,0272901265898316
0,028385726943384
0,0294704160166313
0,0305435306716528
0,0316044159974508
0,032652425309954
0,0336869201520139
0,0347072702934086
0,035712853730839
0,0367030566879324
0,0376772736152394
0,0386349071902355
0,0395753683173218
0,0404980761278227
0,0414024579799887
0,0422879494589936
0,0431539943769369
0,0440000447728422
0,0448255609126576
0,0456300112892566
0,0464128726224365
0,0471736298589201
0,0479117761723541
0,0486268129633105
0,0493182498592853
0,0499856047147
0,0506284036109
0,0512461808561554
0,0518384789856617
0,0524048487615382
0,0529448491728295
0,0534580474962888
0,0539443042178513
0,0544034539629236
0,0548350708711061
0,0552387490292331
0,0556141024713725
0,0559607651788268
0,0562783910801318
0,056566654051058
0,056825247914609
0,0570538864410233
0,0572523033477726
0,0574202522995628
0,057557506908334
0,05766386073326
0,0577391272807487
0,0577831400044418
0,0577957523052152
0,0577768375311786
0,0577262889776757
0,0576440198872841
0,0575299634498156
0,0573840728023157
0,057206321029064
0,056996701161574
0,0567552261785933
0,0564819290061032
0,0561768625173192
0,0558400995326907
0,055471732819901
0,0550718750938677
0,0546406590167416
0,0541782371979085
0,0536847821939871
0,053160486508831
0,052605562593527
0,0520202428463964
0,0514047796129944
0,0507594451861097
0,0500845318057657
0,049380351659219
0,0486471503065433
0,0478851516212077
0,0470946630670406
0,046276007948844
0,0454295254120574
0,044555570442757
0,043654513867655
0,0427267423541015
0,0417726584100819
0,0407926803842201
0,039787242465775
0,0387567946846435
0,0377018029113591
0,0366227488570913
0,0355201300736474
0,0343944599534702
0,0332462677296409
0,0320760984758756
0,0308845131065289
0,0296720883765905
0,0284394168816882
0,0271871070580864
0,0259157831826851
0,0246260853730228
0,0233186695872728
0,0219942076242471
0,0206533871233927
0,0192969115647951
0,0179255002691747
0,01653988839789
0,0151408269529363
0,0137290827769445
0,0123054385531837
0,0108706928055581
0,00942565989861054
0,00797117003751875
0,00650806926809856
0,00503715722686176
0,00355878904247905
0,00207369828731927
0,000582727117332087
-0,000913284037798825
-0,00241349647466007
-0,00391707321610426
-0,00542317901125429
-0,00693098033549958
-0,0084396453904977
-0,00994834410417597
-0,0114562481307277
-0,0129625308506165
-0,0144663673705719
-0,0159669345235939
-0,0174634108689483
-0,0189549766921713
-0,0204408140050655
-0,0219201065457019
-0,0233920397784209
-0,0248558008938293
-0,0263105788088038
-0,0277555641664873
-0,029189949336293
-0,0306129284139005
-0,0320236972212578
-0,0334214533065823
-0,0348053959443576
-0,0361747261353376
-0,0375286466065422
-0,0388663618112614
-0,0401870779290516
-0,0414900028657389
-0,0427743462534164
-0,0440393194504453
-0,0452841355414562
-0,0465080093373462
-0,0477101573752823
-0,0488897979186977
-0,0500461509572956
-0,0511784564420575
-0,0522865120147765
-0,0533698288592087
-0,0544276658378365
-0,0554593021667468
-0,0564640374156281
-0,0574411915077738
-0,0583901047200795
-0,059310137683045
-0,0602006713807729
-0,061061107150969
-0,0618908666849431
-0,0626893920276076
-0,0634561455774791
-0,0641906100866765
-0,0648922886609232
-0,0655607047595446
-0,0661954021954709
-0,0667959451352345
-0,0673619180989714
-0,0678929259604215
-0,0683885939469273
-0,0688485676394353
-0,0692725129724946
-0,0696601162342584
-0,0700110840664827
-0,0703251434645272
-0,0706020417773547
-0,0708415467075312
-0,0710434463112266
-0,0712075489982136
-0,0713336835318685
-0,0714216990291709
-0,0714714649607036
-0,071482871150653
-0,0714558277768086
-0,0713902653705634
-0,0712861348169136
-0,071143407354459
-0,0709621594578913
-0,0707424935558075
-0,0704843804502263
-0,0701878129974624
-0,0698528076083643
-0,0694794042483156
-0,0690676664372332
-0,068617681249568
-0,0681295593143059
-0,0676034348149662
-0,0670394654896025
-0,0664378326308019
-0,0657987410856874
-0,0651224192559143
-0,0644091190976722
-0,0636591161216865
-0,0628727093932148
-0,0620502215320497
-0,0611919987125172
-0,060298410663479
-0,0593698506683295
-0,0584067355649969
-0,0574095057459456
-0,0563786251581721
-0,0553145813032077
-0,0542178852371171
-0,0530890715705013
-0,0519286984684933
-0,0507373476507607
-0,0495156243915048
-0,0482641575194631
-0,0469835994179051
-0,0456746260246339
-0,04433793683199
-0,0429742548868448
-0,0415843267906051
-0,0401689226992104
-0,0387288363231379
-0,0372648849273953
-0,0357779015481847
-0,034268296347542
-0,0327366310649255
-0,0311837184889743
-0,0296103784617991
-0,0280174378789866
-0,0264057306895923
-0,0247760978961446
-0,0231293875546476
-0,0214664547745747
-0,0197881617188728
-0,0180953776039602
-0,0163889786997315
-0,0146698483295498
-0,0129388768702525
-0,0111969617521478
-0,00944500745902035
-0,00768392552812371
-0,00591463455018383
-0,00413806016940298
-0,0023551350834522
-0,00056679904347634
0,00122600114590851
0,00302231162660993
0,00482117148706673
0,00662161276224525
0,00842266043363542
0,0102233324292585
0,0120226396236619
0,0138195858379219
0,0156131678396382
0,017402375342942
0,0191861910084919
0,02096359044347
0,0227335422015899
0,0244950077830914
0,0262469416347428
0,0279882911498363
0,0297179966681953
0,0314349914761693
0,0331386434333667
0,0348284326542991
0,0365033304791657
0,0381623230923513
0,0398044127063232
0,0414286175616389
0,0430339719269413
0,0446195260989603
0,0461843464025093
0,0477275151904913
0,0492481308438958
0,0507453077717951
0,0522181764113516
0,0536658832278128
0,0550875907145135
0,0564824773928722
0,0578497378123965
0,0591885825506806
0,060498238213402
0,0617779474343278
0,0630269688753103
0,064244577226289
0,0654300632052875
0,0665827335584182
0,0677019110598791
0,0687869345119553
0,0698371587450161
0,0708519546175195
0,0718307090160098
0,0727728248551155
0,0736777210775539
0,0745448326541277
0,0753736105837268
0,0761635218933256
0,0769140496379867
0,0776246929008592
0,0782950075544531
0,0789249480838031
0,07951412750882
0,0800620608513233
0,0805682914881552
0,0810323911511832
0,0814539599272988
0,0818326262584163
0,0821680469414754
0,0824599071284392
0,0827079203262951
0,0829118283970538
0,0830714015577509
0,0831864383804455
0,0832567657922211
0,0832822390751849
0,0832627418664681
0,0831981861582262
0,0830885122976385
0,0829336889869085
0,0827337132832635
0,0824886105989548
0,0821984347012582
0,0818632677124731
0,0814832201099226
0,0810584307259548
0,080589066747941
0,0800753237182768
0,0795174255343813
0,078915624448699
0,0782702010686971
0,0775814643568668
0,0768497516307247
0,07607542856281
0,0752588891806865
0,0744005558669413
0,0735008793591874
0,0725603387500599
0,0715794414872187
0,0705587233733469
0,0694987380482403
0,068399751588635
0,0672621601915125
0,0660865101570052
0,0648733663514966
0,0636233122076243
0,0623369497242784
0,0610148994666052
0,0596578005660015
0,0582663107201177
0,0568411061928602
0,0553828818143862
0,053892350981107
0,0523702456556865
0,0508173163670449
0,0492343322103528
0,0476220808470341
0,0459813685047696
0,0443130199774898
0,04261787862538
0,0408968063748777
0,0391506837186772
0,0373804097157228
0,0355869019912133
0,0337710967365996
0,0319339487095899
0,030076431234142
0,0281995362004669
0,0263042740650332
0,0243916738505587
0,022462783146016
0,0205186681066298
0,0185604134538823
0,0165891224755048
0,0146059170254823
0,0126119375240571
0,0106083429577209
0,0085961981839766
0,00657599197350625
0,00454877185503558
0,00251569723409186
0,00047792205963116
-0,00156340517595725
-0,0036071414368596
-0,00565214914383185
-0,00769729617420255
-0,00974145586186707
-0,0117835069972963
-0,0138223338275308
-0,0158568260561838
-0,0178858788434353
-0,0199083928060407
-0,0219232740173269
-0,0239294340071872
-0,0259257897620907
-0,027911263725076
-0,0298847837957545
-0,0318452833303043
-0,033791701141479
-0,0357229814986034
-0,0376380741275692
-0,0395359342108434
-0,0414155223874629
-0,0432758047530369
-0,045115752859742
-0,0469343437163298
-0,0487305597881229
-0,0505033889970116
-0,0522518247214607
-0,0539748657965053
-0,0556715165137527
-0,0573407866213777
-0,0589816913241299
-0,0605932512833301
-0,0621744926168667
-0,0637244468992027
-0,0652421511613712
-0,066726902943849
-0,0681784287372048
-0,0695958303933663
-0,0709782001703794
-0,072324657718923
-0,073634350082305
-0,0749064516964679
-0,076140164389986
-0,077334717384063
-0,0784893672925369
-0,0796033981218768
-0,0806761212711842
-0,0817068755321904
-0,0826950270892608
-0,0836399695193924
-0,0845411237922123
-0,0853979382699812
-0,0862098887075912
-0,0869764782525668
-0,0876972374450624
-0,0883717242178663
-0,0889995238963983
-0,0895802491987087
-0,0901135402354813
-0,090599064510031
-0,0910365169183049
-0,0914256197488811
-0,0917661226829705
-0,0920578027944155
-0,0923004645496905
-0,0924939398079014
-0,0926380878207861
-0,0927327952327147
-0,0927779760806887
-0,0927735717943416
-0,092719551195939
-0,0926159105003778
-0,0924626733872257
-0,092259955351618
-0,0920078310593551
-0,0917063186977616
-0,0913554652879411
-0,0909553466847764
-0,0905060675769288
-0,09000776148684
-0,08946059077073
-0,0888647466185973
-0,0882204490542213
-0,0875279469351591
-0,0867875179527472
-0,0859994686321008
-0,0851641343321159
-0,0842818792454659
-0,083353096398604
-0,0823782076517617
-0,0813576636989516
-0,0802919440679638
-0,0791815571203668
-0,0780270400515112
-0,0768289588905239
-0,0755879085003119
-0,0743045125775605
-0,0729794236527366
-0,0716133230900839
-0,0702069210876247
-0,0687609566771637
-0,0672761977242816
-0,0657534409283392
-0,0641935118224756
-0,0625972647736119
-0,0609655829824454
-0,0592993784834522
-0,0575995921448912
-0,0558671936687968
-0,0541031815909838
-0,0523085832810448
-0,0504844549423552
-0,0486315162071025
-0,0467502652726838
-0,0448417261578297
-0,042906936055825
-0,0409469395954331
-0,0389627888409004
-0,0369555432919597
-0,034926269883823
-0,0328760429871859
-0,0308059444082256
-0,0287170633886063
-0,0266104966054708
-0,0244873481714443
-0,0223487296346394
-0,020195759978647
-0,0180295656225422
-0,0158512804208814
-0,0136620456637082
-0,0114630100765445
-0,00925532982039482
-0,0070401684917512
-0,00481869712258371
-0,00259209418034674
-0,000361545567975873
0,00187175537610585
0,00410660787799733
0,00634180372831317
0,00857612728218678
0,0108083554592641
0,0130372577437129
0,0152615961842186
0,0174801253939786
0,0196915925507126
0,021894737396656
0,0240882922385628
0,0262709819476998
0,0284415239598555
0,0305986282753357
0,0327411558877173
0,034868614064667
0,036979848722161
0,0390736154273157
0,0411486892816067
0,0432038649208778
0,0452379565153366
0,0472497977695498
0,0492382419224526
0,0512021617473419
0,0531404495518803
0,0550520171780895
0,0569357960023593
0,0587907369354418
0,060615810422454
0,0624100064428729
0,0641723345105431
0,0659018236736726
0,0675975225148298
0,0692584991509502
0,070883841233332
0,072472655947638
0,0740240700138917
0,0755372296864833
0,077011300754167
0,0784454685400572
0,0798389379016355
0,081190933230746
0,0825006984535975
0,0837674970307598
0,0849906119571689
0,0861693457621248
0,0873030205092885
0,0883909777966874
0,0894325787567115
0,0904272040561154
0,0913745419218572
0,0922742923835701
0,0931258273560591
0,0939285517962299
0,0946819041040111
0,0953853561223586
0,0960384131372529
0,0966406138776984
0,0971915305157258
0,0976907686663904
0,0981379673877732
0,098532799180979
0,0988749699901387
0,0991642192024083
0,099400319647968
0,0995830776000241
0,0997123327748073
0,0997879583315738
0,0998098608726045
0,0997779804432056
0,0996922905317083
0,0995527980694691
0,0993595434308692
0,0991126004333151
0,0988120763372382
0,0984581118460955
0,0980508811063684
0,0975905917075639
0,0970774846822132
0,0965118345058741
0,0958939490971281
0,095224169817582
0,0945028714718688
0,0937304623076453
0,0929073840155937
0,0920341117294208
0,0911111540258604
0,0901390529246693
0,0891183838886294
0,0880496235309644
0,0869329644682534
0,0857689471685901
0,0845581605827329
0,0833012162737242
0,0819987484168846
0,080651413799816
0,0792598918224045
0,0778248844968143
0,0763471164474918
0,0748273349111637
0,0732663097368409
0,0716648333858124
0,0700237209316494
0,0683438100602032
0,0666259610696097
0,0648710568702826
0,0630800029849166
0,0612537275484916
0,0593931813082645
0,0574993376237752
0,0555731924668429
0,0536157644215724
0,0516280946843456
0,0496112470638255
0,0475663079809604
0,0454943864689757
0,0433966141733795
0,0412741453519593
0,0391281568747886
0,0369598482242175
0,0347704414948772
0,0325611813936847
0,0303333352398337
0,0280881030127853
0,0258261580216743
0,0235486737336325
0,0212569414283192
0,0189522497773684
0,0166358848443852
0,0143091300849529
0,0119732663466228
0,0096295718689189
0,00727932228334343
0,00492379061336648
0,0025642472744328
0,000201960073958438
-0,00216180578866255
-0,00452578772206819
-0,00688872574292351
-0,00924936247591553
-0,0116064431537634
-0,0139587156172115
-0,0163049303150329
-0,018643840304023
-0,0209742012490088
-0,0232947714228445
-0,0256043117064064
-0,0279015855886029
-0,0301853591663675
-0,0324544011446625
-0,0347074828364724
-0,0369433781628135
-0,0391608636527275
-0,0413587184432848
-0,0435357242795782
-0,0456906655147319
-0,0478223291098973
-0,0499295046342483
-0,0520109842649903
-0,0540655627873544
-0,0560920375945997
-0,0580892248805638
-0,0600565471253855
-0,0619931377807594
-0,0638978399578973
-0,0657695244343159
-0,0676070896538316
-0,0694094617265627
-0,0711755944289249
-0,0729044692036387
-0,0745950951597253
-0,0762465090725032
-0,0778577753835956
-0,0794279862009254
-0,0809562612987174
-0,0824417481174942
-0,0838836217640825
-0,085281085011609
-0,0866333682995021
-0,0879397297334884
-0,0891994550855984
-0,0904118577941631
-0,0915762789638121
-0,0926920873654786
-0,0937586794363958
-0,0947754792800983
-0,0957419386664198
-0,0966575370314971
-0,0975217814777675
-0,0983342067739678
-0,0990943753551373
-0,0998018773226158
-0,100456330444044
-0,101057380153364
-0,101604699550816
-0,102097989402947
-0,102536981213118
-0,102921601874365
-0,103251669369445
-0,103526910531442
-0,103747086126757
-0,103911990855105
-0,104021453349516
-0,104075336176332
-0,104073535835211
-0,104015982759127
-0,103902641314366
-0,103733509800529
-0,103508620450532
-0,103228039430605
-0,102891866840293
-0,102500236712455
-0,102053317013264
-0,101551309642208
-0,10099445043209
-0,100383009149026
-0,099717289492448
-0,0989976290951002
-0,0982243995230439
-0,0973980062756532
-0,0965188887856162
-0,0955875204189376
-0,0946044084749346
-0,0935700941862392
-0,0924851527187973
-0,0913501931718716
-0,0901658585780366
-0,0889328259031824
-0,0876518060465123
-0,0863235438405469
-0,0849488180511185
-0,0835284413773737
-0,0820632604517765
-0,0805541558401025
-0,0790019911371966
-0,0774071323123085
-0,0757703095586794
-0,0740924136958532
-0,0723743519172242
-0,0706170477900407
-0,0688214412553975
-0,0669884886282412
-0,0651191625973674
-0,063214452225426
-0,0612753629489134
-0,0593029165781762
-0,0572981512974155
-0,0552621216646788
-0,0531958986118651
-0,0511005694447224
-0,0489772378428537
-0,0468270238597077
-0,0446510639225849
-0,0424505108326349
-0,040226533764862
-0,0379803182681164
-0,0357130662650986
-0,0334259960523643
-0,0311203423003147
-0,0287973560532031
-0,0264583047291312
-0,0241044721200564
-0,0217371583917814
-0,019357680083959
-0,0169673701100978
-0,0145675777575515
-0,0121596686875258
-0,00974502493507522
-0,00732475450798542
-0,00489979514406746
-0,00247152354539633
-4,1312817224682E-05
0,00238947317923014
0,00481947982677919
0,00724736175226535
0,00967178282655646
0,0120914161645556
0,0145049441251945
0,0169110583114362
0,0193084595702693
0,0216958579927173
0,0240719729138339
0,0264355329126979
0,0287852758124232
0,0311199486801522
0,0334383078270591
0,035739118808343
0,0380211564232385
0,04028320471501
0,0425240569709472
0,0447425157223749
0,0469373927446462
0,0491075090571461
0,0512516949232848
0,0533687898505077
0,0554576425902897
0,0575171111381318
0,0595460627335694
0,0615433738601665
0,0635079302455188
0,0654387074905484
0,0673350179660473
0,0691958051360967
0,0710199780500785
0,0728064753834125
0,0745542654375638
0,0762623461400393
0,0779297450443834
0,0795555193301862
0,0811387558030778
0,0826785708947313
0,0841741106628578
0,0856245507912136
0,0870290965895961
0,0883869829938417
0,0896974745658312
0,0909598654934859
0,0921734795907697
0,0933376702976855
0,0944518206802804
0,0955153434306427
0,0965276808669004
0,0974883049332252
0,0983967171998296
0,0992524488629684
0,100055060744936
0,100804143294071
0,101499316584751
0,102140230317397
0,102726563818472
0,103258026040479
0,103734355561963
0,104155320587511
0,104520718907948
0,104830358679011
0,105084037490328
0,10528158135109
0,105422849228623
0,105507733048391
0,105536157693994
0,105508081007168
0,105423493787786
0,105282419793857
0,105084915741526
0,104831071305073
0,104521009116918
0,104154884767614
0,103732886805853
0,10325523673846
0,102722189030399
0,102134031104769
0,101491083342808
0,100793699083885
0,100042264625511
0,0992371992233302
0,0983789550911238
0,0974680174008086
0,09650490428244
0,0954901668242074
0,0944243890724375
0,0933081880315923
0,0921422136642727
0,0909271488912135
0,0896637095912858
0,0883525052566424
0,0869940791909459
0,0855891795945561
0,0841385768410735
0,0826430617458575
0,0811034455660206
0,0795205600004313
0,0778952571897171
0,0762284097162583
0,0745209106041925
0,0727736733194118
0,070987631769568
0,0691637403040654
0,0673029737140653
0,0654063272324837
0,0634748165339967
0,0615094777350323
0,0595113673937744
0,0574815625101672
0,0554211605259066
0,0533312793244459
0,0512130572309929
0,0490676530125159
0,0468962458777346
0,0447000354771248
0,0424802419029229
0,0402381056891164
0,0379748878114508
0,0356918032892735
0,0333897883960249
0,0310700990449488
0,0287340461698327
0,0263829393610422
0,0240180868655108
0,0216407955867467
0,0192523710848292
0,016854117576416
0,0144473379347324
0,0120333336895785
0,00961340502732567
0,00718885079092338
0,00476096847988895
0,00233105425031265
-9,95970851370639E-05
-0,00252969205722395
-0,00495793854013705
-0,00738304575149415
-0,0098037242523349
-0,0122186859471311
-0,0146266440837816
-0,0170263132536072
-0,0194164093913606
-0,0217956497752202
-0,0241627530267926
-0,0265164391111069
-0,0288554293366239
-0,0311784463552316
-0,0334842141622398
-0,0357714580963906
-0,0380389048398513
-0,0402852926473442
-0,0425097416665488
-0,0447111721328873
-0,0468883202798046
-0,0490399465721591
-0,0511648357062159
-0,053261796609657
-0,0553296624415756
-0,0573672905924725
-0,0593735626842643
-0,0613473845702783
-0,0632876863352546
-0,065193422295341
-0,067063570998101
-0,06889713522251
-0,070693141978951
-0,0724506425092228
-0,0741687122865345
-0,0758464510155081
-0,077482982632174
-0,0790774553039776
-0,080629041429776
-0,0821369376398349
-0,0836003647958348
-0,0850185679908669
-0,0863908165494352
-0,0877164040274524
-0,0889946482122458
-0,0902248911225537
-0,0914064990085266
-0,0925388623517245
-0,0936213958651214
-0,0946535384931033
-0,0956347088448032
-0,0965643382391225
-0,0974419416544885
-0,0982670636412313
-0,0990392781468104
-0,0997581885158176
-0,100423427489976
-0,101034657208136
-0,101591569206283
